0.0 0 40 1
0.0 1 40 1
0.0 2 40 1
0.0 3 40 1
0.0 4 40 1
0.0 5 40 1
0.0 6 40 1
0.0 7 40 1
0.0 8 40 1
0.0 9 40 1
0.0 10 40 1
0.0 11 40 1
0.0 12 40 1
0.0 13 40 1
0.0 14 40 1
0.0 15 40 1
0.0 16 40 1
0.0 17 40 1
0.0 18 40 1
0.0 19 40 1
0.0 0 41 1
0.0 1 41 1
0.0 2 41 1
0.0 3 41 1
0.0 4 41 1
0.0 5 41 1
0.0 6 41 1
0.0 7 41 1
0.0 8 41 1
0.0 9 41 1
0.0 10 41 1
0.0 11 41 1
0.0 12 41 1
0.0 13 41 1
0.0 14 41 1
0.0 15 41 1
0.0 16 41 1
0.0 17 41 1
0.0 18 41 1
0.0 19 41 1
0.0 0 42 1
0.0 1 42 1
0.0 2 42 1
0.0 3 42 1
0.0 4 42 1
0.0 5 42 1
0.0 6 42 1
0.0 7 42 1
0.0 8 42 1
0.0 9 42 1
0.0 10 42 1
0.0 11 42 1
0.0 12 42 1
0.0 13 42 1
0.0 14 42 1
0.0 15 42 1
0.0 16 42 1
0.0 17 42 1
0.0 18 42 1
0.0 19 42 1
0.0 0 43 1
0.0 1 43 1
0.0 2 43 1
0.0 3 43 1
0.0 4 43 1
0.0 5 43 1
0.0 6 43 1
0.0 7 43 1
0.0 8 43 1
0.0 9 43 1
0.0 10 43 1
0.0 11 43 1
0.0 12 43 1
0.0 13 43 1
0.0 14 43 1
0.0 15 43 1
0.0 16 43 1
0.0 17 43 1
0.0 18 43 1
0.0 19 43 1
0.0 0 44 1
0.0 1 44 1
0.0 2 44 1
0.0 3 44 1
0.0 4 44 1
0.0 5 44 1
0.0 6 44 1
0.0 7 44 1
0.0 8 44 1
0.0 9 44 1
0.0 10 44 1
0.0 11 44 1
0.0 12 44 1
0.0 13 44 1
0.0 14 44 1
0.0 15 44 1
0.0 16 44 1
0.0 17 44 1
0.0 18 44 1
0.0 19 44 1
0.0 0 45 1
0.0 1 45 1
0.0 2 45 1
0.0 3 45 1
0.0 4 45 1
0.0 5 45 1
0.0 6 45 1
0.0 7 45 1
0.0 8 45 1
0.0 9 45 1
0.0 10 45 1
0.0 11 45 1
0.0 12 45 1
0.0 13 45 1
0.0 14 45 1
0.0 15 45 1
0.0 16 45 1
0.0 17 45 1
0.0 18 45 1
0.0 19 45 1
0.0 0 46 1
0.0 1 46 1
0.0 2 46 1
0.0 3 46 1
0.0 4 46 1
0.0 5 46 1
0.0 6 46 1
0.0 7 46 1
0.0 8 46 1
0.0 9 46 1
0.0 10 46 1
0.0 11 46 1
0.0 12 46 1
0.0 13 46 1
0.0 14 46 1
0.0 15 46 1
0.0 16 46 1
0.0 17 46 1
0.0 18 46 1
0.0 19 46 1
0.0 0 47 1
0.0 1 47 1
0.0 2 47 1
0.0 3 47 1
0.0 4 47 1
0.0 5 47 1
0.0 6 47 1
0.0 7 47 1
0.0 8 47 1
0.0 9 47 1
0.0 10 47 1
0.0 11 47 1
0.0 12 47 1
0.0 13 47 1
0.0 14 47 1
0.0 15 47 1
0.0 16 47 1
0.0 17 47 1
0.0 18 47 1
0.0 19 47 1
0.0 0 48 1
0.0 1 48 1
0.0 2 48 1
0.0 3 48 1
0.0 4 48 1
0.0 5 48 1
0.0 6 48 1
0.0 7 48 1
0.0 8 48 1
0.0 9 48 1
0.0 10 48 1
0.0 11 48 1
0.0 12 48 1
0.0 13 48 1
0.0 14 48 1
0.0 15 48 1
0.0 16 48 1
0.0 17 48 1
0.0 18 48 1
0.0 19 48 1
0.0 0 49 1
0.0 1 49 1
0.0 2 49 1
0.0 3 49 1
0.0 4 49 1
0.0 5 49 1
0.0 6 49 1
0.0 7 49 1
0.0 8 49 1
0.0 9 49 1
0.0 10 49 1
0.0 11 49 1
0.0 12 49 1
0.0 13 49 1
0.0 14 49 1
0.0 15 49 1
0.0 16 49 1
0.0 17 49 1
0.0 18 49 1
0.0 19 49 1
0.0 0 50 1
0.0 1 50 1
0.0 2 50 1
0.0 3 50 1
0.0 4 50 1
0.0 5 50 1
0.0 6 50 1
0.0 7 50 1
0.0 8 50 1
0.0 9 50 1
0.0 10 50 1
0.0 11 50 1
0.0 12 50 1
0.0 13 50 1
0.0 14 50 1
0.0 15 50 1
0.0 16 50 1
0.0 17 50 1
0.0 18 50 1
0.0 19 50 1
0.0 0 51 1
0.0 1 51 1
0.0 2 51 1
0.0 3 51 1
0.0 4 51 1
0.0 5 51 1
0.0 6 51 1
0.0 7 51 1
0.0 8 51 1
0.0 9 51 1
0.0 10 51 1
0.0 11 51 1
0.0 12 51 1
0.0 13 51 1
0.0 14 51 1
0.0 15 51 1
0.0 16 51 1
0.0 17 51 1
0.0 18 51 1
0.0 19 51 1
0.0 0 52 1
0.0 1 52 1
0.0 2 52 1
0.0 3 52 1
0.0 4 52 1
0.0 5 52 1
0.0 6 52 1
0.0 7 52 1
0.0 8 52 1
0.0 9 52 1
0.0 10 52 1
0.0 11 52 1
0.0 12 52 1
0.0 13 52 1
0.0 14 52 1
0.0 15 52 1
0.0 16 52 1
0.0 17 52 1
0.0 18 52 1
0.0 19 52 1
0.0 0 53 1
0.0 1 53 1
0.0 2 53 1
0.0 3 53 1
0.0 4 53 1
0.0 5 53 1
0.0 6 53 1
0.0 7 53 1
0.0 8 53 1
0.0 9 53 1
0.0 10 53 1
0.0 11 53 1
0.0 12 53 1
0.0 13 53 1
0.0 14 53 1
0.0 15 53 1
0.0 16 53 1
0.0 17 53 1
0.0 18 53 1
0.0 19 53 1
0.0 0 54 1
0.0 1 54 1
0.0 2 54 1
0.0 3 54 1
0.0 4 54 1
0.0 5 54 1
0.0 6 54 1
0.0 7 54 1
0.0 8 54 1
0.0 9 54 1
0.0 10 54 1
0.0 11 54 1
0.0 12 54 1
0.0 13 54 1
0.0 14 54 1
0.0 15 54 1
0.0 16 54 1
0.0 17 54 1
0.0 18 54 1
0.0 19 54 1
0.0 0 55 1
0.0 1 55 1
0.0 2 55 1
0.0 3 55 1
0.0 4 55 1
0.0 5 55 1
0.0 6 55 1
0.0 7 55 1
0.0 8 55 1
0.0 9 55 1
0.0 10 55 1
0.0 11 55 1
0.0 12 55 1
0.0 13 55 1
0.0 14 55 1
0.0 15 55 1
0.0 16 55 1
0.0 17 55 1
0.0 18 55 1
0.0 19 55 1
0.0 0 56 1
0.0 1 56 1
0.0 2 56 1
0.0 3 56 1
0.0 4 56 1
0.0 5 56 1
0.0 6 56 1
0.0 7 56 1
0.0 8 56 1
0.0 9 56 1
0.0 10 56 1
0.0 11 56 1
0.0 12 56 1
0.0 13 56 1
0.0 14 56 1
0.0 15 56 1
0.0 16 56 1
0.0 17 56 1
0.0 18 56 1
0.0 19 56 1
0.0 0 57 1
0.0 1 57 1
0.0 2 57 1
0.0 3 57 1
0.0 4 57 1
0.0 5 57 1
0.0 6 57 1
0.0 7 57 1
0.0 8 57 1
0.0 9 57 1
0.0 10 57 1
0.0 11 57 1
0.0 12 57 1
0.0 13 57 1
0.0 14 57 1
0.0 15 57 1
0.0 16 57 1
0.0 17 57 1
0.0 18 57 1
0.0 19 57 1
0.0 0 58 1
0.0 1 58 1
0.0 2 58 1
0.0 3 58 1
0.0 4 58 1
0.0 5 58 1
0.0 6 58 1
0.0 7 58 1
0.0 8 58 1
0.0 9 58 1
0.0 10 58 1
0.0 11 58 1
0.0 12 58 1
0.0 13 58 1
0.0 14 58 1
0.0 15 58 1
0.0 16 58 1
0.0 17 58 1
0.0 18 58 1
0.0 19 58 1
0.0 0 59 1
0.0 1 59 1
0.0 2 59 1
0.0 3 59 1
0.0 4 59 1
0.0 5 59 1
0.0 6 59 1
0.0 7 59 1
0.0 8 59 1
0.0 9 59 1
0.0 10 59 1
0.0 11 59 1
0.0 12 59 1
0.0 13 59 1
0.0 14 59 1
0.0 15 59 1
0.0 16 59 1
0.0 17 59 1
0.0 18 59 1
0.0 19 59 1
0.05 20 40 1
0.05 20 41 1
0.05 20 42 1
0.05 20 43 1
0.05 20 44 1
0.05 20 45 1
0.05 20 46 1
0.05 20 47 1
0.05 20 48 1
0.05 20 49 1
0.05 20 50 1
0.05 20 51 1
0.05 20 52 1
0.05 20 53 1
0.05 20 54 1
0.05 20 55 1
0.05 20 56 1
0.05 20 57 1
0.05 20 58 1
0.05 20 59 1
0.05 0 40 0
0.05 0 41 0
0.05 0 42 0
0.05 0 43 0
0.05 0 44 0
0.05 0 45 0
0.05 0 46 0
0.05 0 47 0
0.05 0 48 0
0.05 0 49 0
0.05 0 50 0
0.05 0 51 0
0.05 0 52 0
0.05 0 53 0
0.05 0 54 0
0.05 0 55 0
0.05 0 56 0
0.05 0 57 0
0.05 0 58 0
0.05 0 59 0
0.1 21 40 1
0.1 21 41 1
0.1 21 42 1
0.1 21 43 1
0.1 21 44 1
0.1 21 45 1
0.1 21 46 1
0.1 21 47 1
0.1 21 48 1
0.1 21 49 1
0.1 21 50 1
0.1 21 51 1
0.1 21 52 1
0.1 21 53 1
0.1 21 54 1
0.1 21 55 1
0.1 21 56 1
0.1 21 57 1
0.1 21 58 1
0.1 21 59 1
0.1 1 40 0
0.1 1 41 0
0.1 1 42 0
0.1 1 43 0
0.1 1 44 0
0.1 1 45 0
0.1 1 46 0
0.1 1 47 0
0.1 1 48 0
0.1 1 49 0
0.1 1 50 0
0.1 1 51 0
0.1 1 52 0
0.1 1 53 0
0.1 1 54 0
0.1 1 55 0
0.1 1 56 0
0.1 1 57 0
0.1 1 58 0
0.1 1 59 0
0.15000000000000002 22 40 1
0.15000000000000002 22 41 1
0.15000000000000002 22 42 1
0.15000000000000002 22 43 1
0.15000000000000002 22 44 1
0.15000000000000002 22 45 1
0.15000000000000002 22 46 1
0.15000000000000002 22 47 1
0.15000000000000002 22 48 1
0.15000000000000002 22 49 1
0.15000000000000002 22 50 1
0.15000000000000002 22 51 1
0.15000000000000002 22 52 1
0.15000000000000002 22 53 1
0.15000000000000002 22 54 1
0.15000000000000002 22 55 1
0.15000000000000002 22 56 1
0.15000000000000002 22 57 1
0.15000000000000002 22 58 1
0.15000000000000002 22 59 1
0.15000000000000002 2 40 0
0.15000000000000002 2 41 0
0.15000000000000002 2 42 0
0.15000000000000002 2 43 0
0.15000000000000002 2 44 0
0.15000000000000002 2 45 0
0.15000000000000002 2 46 0
0.15000000000000002 2 47 0
0.15000000000000002 2 48 0
0.15000000000000002 2 49 0
0.15000000000000002 2 50 0
0.15000000000000002 2 51 0
0.15000000000000002 2 52 0
0.15000000000000002 2 53 0
0.15000000000000002 2 54 0
0.15000000000000002 2 55 0
0.15000000000000002 2 56 0
0.15000000000000002 2 57 0
0.15000000000000002 2 58 0
0.15000000000000002 2 59 0
0.2 23 40 1
0.2 23 41 1
0.2 23 42 1
0.2 23 43 1
0.2 23 44 1
0.2 23 45 1
0.2 23 46 1
0.2 23 47 1
0.2 23 48 1
0.2 23 49 1
0.2 23 50 1
0.2 23 51 1
0.2 23 52 1
0.2 23 53 1
0.2 23 54 1
0.2 23 55 1
0.2 23 56 1
0.2 23 57 1
0.2 23 58 1
0.2 23 59 1
0.2 3 40 0
0.2 3 41 0
0.2 3 42 0
0.2 3 43 0
0.2 3 44 0
0.2 3 45 0
0.2 3 46 0
0.2 3 47 0
0.2 3 48 0
0.2 3 49 0
0.2 3 50 0
0.2 3 51 0
0.2 3 52 0
0.2 3 53 0
0.2 3 54 0
0.2 3 55 0
0.2 3 56 0
0.2 3 57 0
0.2 3 58 0
0.2 3 59 0
0.25 24 40 1
0.25 24 41 1
0.25 24 42 1
0.25 24 43 1
0.25 24 44 1
0.25 24 45 1
0.25 24 46 1
0.25 24 47 1
0.25 24 48 1
0.25 24 49 1
0.25 24 50 1
0.25 24 51 1
0.25 24 52 1
0.25 24 53 1
0.25 24 54 1
0.25 24 55 1
0.25 24 56 1
0.25 24 57 1
0.25 24 58 1
0.25 24 59 1
0.25 4 40 0
0.25 4 41 0
0.25 4 42 0
0.25 4 43 0
0.25 4 44 0
0.25 4 45 0
0.25 4 46 0
0.25 4 47 0
0.25 4 48 0
0.25 4 49 0
0.25 4 50 0
0.25 4 51 0
0.25 4 52 0
0.25 4 53 0
0.25 4 54 0
0.25 4 55 0
0.25 4 56 0
0.25 4 57 0
0.25 4 58 0
0.25 4 59 0
0.30000000000000004 25 40 1
0.30000000000000004 25 41 1
0.30000000000000004 25 42 1
0.30000000000000004 25 43 1
0.30000000000000004 25 44 1
0.30000000000000004 25 45 1
0.30000000000000004 25 46 1
0.30000000000000004 25 47 1
0.30000000000000004 25 48 1
0.30000000000000004 25 49 1
0.30000000000000004 25 50 1
0.30000000000000004 25 51 1
0.30000000000000004 25 52 1
0.30000000000000004 25 53 1
0.30000000000000004 25 54 1
0.30000000000000004 25 55 1
0.30000000000000004 25 56 1
0.30000000000000004 25 57 1
0.30000000000000004 25 58 1
0.30000000000000004 25 59 1
0.30000000000000004 5 40 0
0.30000000000000004 5 41 0
0.30000000000000004 5 42 0
0.30000000000000004 5 43 0
0.30000000000000004 5 44 0
0.30000000000000004 5 45 0
0.30000000000000004 5 46 0
0.30000000000000004 5 47 0
0.30000000000000004 5 48 0
0.30000000000000004 5 49 0
0.30000000000000004 5 50 0
0.30000000000000004 5 51 0
0.30000000000000004 5 52 0
0.30000000000000004 5 53 0
0.30000000000000004 5 54 0
0.30000000000000004 5 55 0
0.30000000000000004 5 56 0
0.30000000000000004 5 57 0
0.30000000000000004 5 58 0
0.30000000000000004 5 59 0
0.35000000000000003 26 40 1
0.35000000000000003 26 41 1
0.35000000000000003 26 42 1
0.35000000000000003 26 43 1
0.35000000000000003 26 44 1
0.35000000000000003 26 45 1
0.35000000000000003 26 46 1
0.35000000000000003 26 47 1
0.35000000000000003 26 48 1
0.35000000000000003 26 49 1
0.35000000000000003 26 50 1
0.35000000000000003 26 51 1
0.35000000000000003 26 52 1
0.35000000000000003 26 53 1
0.35000000000000003 26 54 1
0.35000000000000003 26 55 1
0.35000000000000003 26 56 1
0.35000000000000003 26 57 1
0.35000000000000003 26 58 1
0.35000000000000003 26 59 1
0.35000000000000003 6 40 0
0.35000000000000003 6 41 0
0.35000000000000003 6 42 0
0.35000000000000003 6 43 0
0.35000000000000003 6 44 0
0.35000000000000003 6 45 0
0.35000000000000003 6 46 0
0.35000000000000003 6 47 0
0.35000000000000003 6 48 0
0.35000000000000003 6 49 0
0.35000000000000003 6 50 0
0.35000000000000003 6 51 0
0.35000000000000003 6 52 0
0.35000000000000003 6 53 0
0.35000000000000003 6 54 0
0.35000000000000003 6 55 0
0.35000000000000003 6 56 0
0.35000000000000003 6 57 0
0.35000000000000003 6 58 0
0.35000000000000003 6 59 0
0.4 27 40 1
0.4 27 41 1
0.4 27 42 1
0.4 27 43 1
0.4 27 44 1
0.4 27 45 1
0.4 27 46 1
0.4 27 47 1
0.4 27 48 1
0.4 27 49 1
0.4 27 50 1
0.4 27 51 1
0.4 27 52 1
0.4 27 53 1
0.4 27 54 1
0.4 27 55 1
0.4 27 56 1
0.4 27 57 1
0.4 27 58 1
0.4 27 59 1
0.4 7 40 0
0.4 7 41 0
0.4 7 42 0
0.4 7 43 0
0.4 7 44 0
0.4 7 45 0
0.4 7 46 0
0.4 7 47 0
0.4 7 48 0
0.4 7 49 0
0.4 7 50 0
0.4 7 51 0
0.4 7 52 0
0.4 7 53 0
0.4 7 54 0
0.4 7 55 0
0.4 7 56 0
0.4 7 57 0
0.4 7 58 0
0.4 7 59 0
0.45 28 40 1
0.45 28 41 1
0.45 28 42 1
0.45 28 43 1
0.45 28 44 1
0.45 28 45 1
0.45 28 46 1
0.45 28 47 1
0.45 28 48 1
0.45 28 49 1
0.45 28 50 1
0.45 28 51 1
0.45 28 52 1
0.45 28 53 1
0.45 28 54 1
0.45 28 55 1
0.45 28 56 1
0.45 28 57 1
0.45 28 58 1
0.45 28 59 1
0.45 8 40 0
0.45 8 41 0
0.45 8 42 0
0.45 8 43 0
0.45 8 44 0
0.45 8 45 0
0.45 8 46 0
0.45 8 47 0
0.45 8 48 0
0.45 8 49 0
0.45 8 50 0
0.45 8 51 0
0.45 8 52 0
0.45 8 53 0
0.45 8 54 0
0.45 8 55 0
0.45 8 56 0
0.45 8 57 0
0.45 8 58 0
0.45 8 59 0
0.5 29 40 1
0.5 29 41 1
0.5 29 42 1
0.5 29 43 1
0.5 29 44 1
0.5 29 45 1
0.5 29 46 1
0.5 29 47 1
0.5 29 48 1
0.5 29 49 1
0.5 29 50 1
0.5 29 51 1
0.5 29 52 1
0.5 29 53 1
0.5 29 54 1
0.5 29 55 1
0.5 29 56 1
0.5 29 57 1
0.5 29 58 1
0.5 29 59 1
0.5 9 40 0
0.5 9 41 0
0.5 9 42 0
0.5 9 43 0
0.5 9 44 0
0.5 9 45 0
0.5 9 46 0
0.5 9 47 0
0.5 9 48 0
0.5 9 49 0
0.5 9 50 0
0.5 9 51 0
0.5 9 52 0
0.5 9 53 0
0.5 9 54 0
0.5 9 55 0
0.5 9 56 0
0.5 9 57 0
0.5 9 58 0
0.5 9 59 0
0.55 30 40 1
0.55 30 41 1
0.55 30 42 1
0.55 30 43 1
0.55 30 44 1
0.55 30 45 1
0.55 30 46 1
0.55 30 47 1
0.55 30 48 1
0.55 30 49 1
0.55 30 50 1
0.55 30 51 1
0.55 30 52 1
0.55 30 53 1
0.55 30 54 1
0.55 30 55 1
0.55 30 56 1
0.55 30 57 1
0.55 30 58 1
0.55 30 59 1
0.55 10 40 0
0.55 10 41 0
0.55 10 42 0
0.55 10 43 0
0.55 10 44 0
0.55 10 45 0
0.55 10 46 0
0.55 10 47 0
0.55 10 48 0
0.55 10 49 0
0.55 10 50 0
0.55 10 51 0
0.55 10 52 0
0.55 10 53 0
0.55 10 54 0
0.55 10 55 0
0.55 10 56 0
0.55 10 57 0
0.55 10 58 0
0.55 10 59 0
0.6000000000000001 31 40 1
0.6000000000000001 31 41 1
0.6000000000000001 31 42 1
0.6000000000000001 31 43 1
0.6000000000000001 31 44 1
0.6000000000000001 31 45 1
0.6000000000000001 31 46 1
0.6000000000000001 31 47 1
0.6000000000000001 31 48 1
0.6000000000000001 31 49 1
0.6000000000000001 31 50 1
0.6000000000000001 31 51 1
0.6000000000000001 31 52 1
0.6000000000000001 31 53 1
0.6000000000000001 31 54 1
0.6000000000000001 31 55 1
0.6000000000000001 31 56 1
0.6000000000000001 31 57 1
0.6000000000000001 31 58 1
0.6000000000000001 31 59 1
0.6000000000000001 11 40 0
0.6000000000000001 11 41 0
0.6000000000000001 11 42 0
0.6000000000000001 11 43 0
0.6000000000000001 11 44 0
0.6000000000000001 11 45 0
0.6000000000000001 11 46 0
0.6000000000000001 11 47 0
0.6000000000000001 11 48 0
0.6000000000000001 11 49 0
0.6000000000000001 11 50 0
0.6000000000000001 11 51 0
0.6000000000000001 11 52 0
0.6000000000000001 11 53 0
0.6000000000000001 11 54 0
0.6000000000000001 11 55 0
0.6000000000000001 11 56 0
0.6000000000000001 11 57 0
0.6000000000000001 11 58 0
0.6000000000000001 11 59 0
0.65 32 40 1
0.65 32 41 1
0.65 32 42 1
0.65 32 43 1
0.65 32 44 1
0.65 32 45 1
0.65 32 46 1
0.65 32 47 1
0.65 32 48 1
0.65 32 49 1
0.65 32 50 1
0.65 32 51 1
0.65 32 52 1
0.65 32 53 1
0.65 32 54 1
0.65 32 55 1
0.65 32 56 1
0.65 32 57 1
0.65 32 58 1
0.65 32 59 1
0.65 12 40 0
0.65 12 41 0
0.65 12 42 0
0.65 12 43 0
0.65 12 44 0
0.65 12 45 0
0.65 12 46 0
0.65 12 47 0
0.65 12 48 0
0.65 12 49 0
0.65 12 50 0
0.65 12 51 0
0.65 12 52 0
0.65 12 53 0
0.65 12 54 0
0.65 12 55 0
0.65 12 56 0
0.65 12 57 0
0.65 12 58 0
0.65 12 59 0
0.7000000000000001 33 40 1
0.7000000000000001 33 41 1
0.7000000000000001 33 42 1
0.7000000000000001 33 43 1
0.7000000000000001 33 44 1
0.7000000000000001 33 45 1
0.7000000000000001 33 46 1
0.7000000000000001 33 47 1
0.7000000000000001 33 48 1
0.7000000000000001 33 49 1
0.7000000000000001 33 50 1
0.7000000000000001 33 51 1
0.7000000000000001 33 52 1
0.7000000000000001 33 53 1
0.7000000000000001 33 54 1
0.7000000000000001 33 55 1
0.7000000000000001 33 56 1
0.7000000000000001 33 57 1
0.7000000000000001 33 58 1
0.7000000000000001 33 59 1
0.7000000000000001 13 40 0
0.7000000000000001 13 41 0
0.7000000000000001 13 42 0
0.7000000000000001 13 43 0
0.7000000000000001 13 44 0
0.7000000000000001 13 45 0
0.7000000000000001 13 46 0
0.7000000000000001 13 47 0
0.7000000000000001 13 48 0
0.7000000000000001 13 49 0
0.7000000000000001 13 50 0
0.7000000000000001 13 51 0
0.7000000000000001 13 52 0
0.7000000000000001 13 53 0
0.7000000000000001 13 54 0
0.7000000000000001 13 55 0
0.7000000000000001 13 56 0
0.7000000000000001 13 57 0
0.7000000000000001 13 58 0
0.7000000000000001 13 59 0
0.75 34 40 1
0.75 34 41 1
0.75 34 42 1
0.75 34 43 1
0.75 34 44 1
0.75 34 45 1
0.75 34 46 1
0.75 34 47 1
0.75 34 48 1
0.75 34 49 1
0.75 34 50 1
0.75 34 51 1
0.75 34 52 1
0.75 34 53 1
0.75 34 54 1
0.75 34 55 1
0.75 34 56 1
0.75 34 57 1
0.75 34 58 1
0.75 34 59 1
0.75 14 40 0
0.75 14 41 0
0.75 14 42 0
0.75 14 43 0
0.75 14 44 0
0.75 14 45 0
0.75 14 46 0
0.75 14 47 0
0.75 14 48 0
0.75 14 49 0
0.75 14 50 0
0.75 14 51 0
0.75 14 52 0
0.75 14 53 0
0.75 14 54 0
0.75 14 55 0
0.75 14 56 0
0.75 14 57 0
0.75 14 58 0
0.75 14 59 0
0.8 35 40 1
0.8 35 41 1
0.8 35 42 1
0.8 35 43 1
0.8 35 44 1
0.8 35 45 1
0.8 35 46 1
0.8 35 47 1
0.8 35 48 1
0.8 35 49 1
0.8 35 50 1
0.8 35 51 1
0.8 35 52 1
0.8 35 53 1
0.8 35 54 1
0.8 35 55 1
0.8 35 56 1
0.8 35 57 1
0.8 35 58 1
0.8 35 59 1
0.8 15 40 0
0.8 15 41 0
0.8 15 42 0
0.8 15 43 0
0.8 15 44 0
0.8 15 45 0
0.8 15 46 0
0.8 15 47 0
0.8 15 48 0
0.8 15 49 0
0.8 15 50 0
0.8 15 51 0
0.8 15 52 0
0.8 15 53 0
0.8 15 54 0
0.8 15 55 0
0.8 15 56 0
0.8 15 57 0
0.8 15 58 0
0.8 15 59 0
0.8500000000000001 36 40 1
0.8500000000000001 36 41 1
0.8500000000000001 36 42 1
0.8500000000000001 36 43 1
0.8500000000000001 36 44 1
0.8500000000000001 36 45 1
0.8500000000000001 36 46 1
0.8500000000000001 36 47 1
0.8500000000000001 36 48 1
0.8500000000000001 36 49 1
0.8500000000000001 36 50 1
0.8500000000000001 36 51 1
0.8500000000000001 36 52 1
0.8500000000000001 36 53 1
0.8500000000000001 36 54 1
0.8500000000000001 36 55 1
0.8500000000000001 36 56 1
0.8500000000000001 36 57 1
0.8500000000000001 36 58 1
0.8500000000000001 36 59 1
0.8500000000000001 16 40 0
0.8500000000000001 16 41 0
0.8500000000000001 16 42 0
0.8500000000000001 16 43 0
0.8500000000000001 16 44 0
0.8500000000000001 16 45 0
0.8500000000000001 16 46 0
0.8500000000000001 16 47 0
0.8500000000000001 16 48 0
0.8500000000000001 16 49 0
0.8500000000000001 16 50 0
0.8500000000000001 16 51 0
0.8500000000000001 16 52 0
0.8500000000000001 16 53 0
0.8500000000000001 16 54 0
0.8500000000000001 16 55 0
0.8500000000000001 16 56 0
0.8500000000000001 16 57 0
0.8500000000000001 16 58 0
0.8500000000000001 16 59 0
0.9 37 40 1
0.9 37 41 1
0.9 37 42 1
0.9 37 43 1
0.9 37 44 1
0.9 37 45 1
0.9 37 46 1
0.9 37 47 1
0.9 37 48 1
0.9 37 49 1
0.9 37 50 1
0.9 37 51 1
0.9 37 52 1
0.9 37 53 1
0.9 37 54 1
0.9 37 55 1
0.9 37 56 1
0.9 37 57 1
0.9 37 58 1
0.9 37 59 1
0.9 17 40 0
0.9 17 41 0
0.9 17 42 0
0.9 17 43 0
0.9 17 44 0
0.9 17 45 0
0.9 17 46 0
0.9 17 47 0
0.9 17 48 0
0.9 17 49 0
0.9 17 50 0
0.9 17 51 0
0.9 17 52 0
0.9 17 53 0
0.9 17 54 0
0.9 17 55 0
0.9 17 56 0
0.9 17 57 0
0.9 17 58 0
0.9 17 59 0
0.9500000000000001 38 40 1
0.9500000000000001 38 41 1
0.9500000000000001 38 42 1
0.9500000000000001 38 43 1
0.9500000000000001 38 44 1
0.9500000000000001 38 45 1
0.9500000000000001 38 46 1
0.9500000000000001 38 47 1
0.9500000000000001 38 48 1
0.9500000000000001 38 49 1
0.9500000000000001 38 50 1
0.9500000000000001 38 51 1
0.9500000000000001 38 52 1
0.9500000000000001 38 53 1
0.9500000000000001 38 54 1
0.9500000000000001 38 55 1
0.9500000000000001 38 56 1
0.9500000000000001 38 57 1
0.9500000000000001 38 58 1
0.9500000000000001 38 59 1
0.9500000000000001 18 40 0
0.9500000000000001 18 41 0
0.9500000000000001 18 42 0
0.9500000000000001 18 43 0
0.9500000000000001 18 44 0
0.9500000000000001 18 45 0
0.9500000000000001 18 46 0
0.9500000000000001 18 47 0
0.9500000000000001 18 48 0
0.9500000000000001 18 49 0
0.9500000000000001 18 50 0
0.9500000000000001 18 51 0
0.9500000000000001 18 52 0
0.9500000000000001 18 53 0
0.9500000000000001 18 54 0
0.9500000000000001 18 55 0
0.9500000000000001 18 56 0
0.9500000000000001 18 57 0
0.9500000000000001 18 58 0
0.9500000000000001 18 59 0
1.0 39 40 1
1.0 39 41 1
1.0 39 42 1
1.0 39 43 1
1.0 39 44 1
1.0 39 45 1
1.0 39 46 1
1.0 39 47 1
1.0 39 48 1
1.0 39 49 1
1.0 39 50 1
1.0 39 51 1
1.0 39 52 1
1.0 39 53 1
1.0 39 54 1
1.0 39 55 1
1.0 39 56 1
1.0 39 57 1
1.0 39 58 1
1.0 39 59 1
1.0 19 40 0
1.0 19 41 0
1.0 19 42 0
1.0 19 43 0
1.0 19 44 0
1.0 19 45 0
1.0 19 46 0
1.0 19 47 0
1.0 19 48 0
1.0 19 49 0
1.0 19 50 0
1.0 19 51 0
1.0 19 52 0
1.0 19 53 0
1.0 19 54 0
1.0 19 55 0
1.0 19 56 0
1.0 19 57 0
1.0 19 58 0
1.0 19 59 0
1.05 40 40 1
1.05 40 41 1
1.05 40 42 1
1.05 40 43 1
1.05 40 44 1
1.05 40 45 1
1.05 40 46 1
1.05 40 47 1
1.05 40 48 1
1.05 40 49 1
1.05 40 50 1
1.05 40 51 1
1.05 40 52 1
1.05 40 53 1
1.05 40 54 1
1.05 40 55 1
1.05 40 56 1
1.05 40 57 1
1.05 40 58 1
1.05 40 59 1
1.05 20 40 0
1.05 20 41 0
1.05 20 42 0
1.05 20 43 0
1.05 20 44 0
1.05 20 45 0
1.05 20 46 0
1.05 20 47 0
1.05 20 48 0
1.05 20 49 0
1.05 20 50 0
1.05 20 51 0
1.05 20 52 0
1.05 20 53 0
1.05 20 54 0
1.05 20 55 0
1.05 20 56 0
1.05 20 57 0
1.05 20 58 0
1.05 20 59 0
1.1 41 40 1
1.1 41 41 1
1.1 41 42 1
1.1 41 43 1
1.1 41 44 1
1.1 41 45 1
1.1 41 46 1
1.1 41 47 1
1.1 41 48 1
1.1 41 49 1
1.1 41 50 1
1.1 41 51 1
1.1 41 52 1
1.1 41 53 1
1.1 41 54 1
1.1 41 55 1
1.1 41 56 1
1.1 41 57 1
1.1 41 58 1
1.1 41 59 1
1.1 21 40 0
1.1 21 41 0
1.1 21 42 0
1.1 21 43 0
1.1 21 44 0
1.1 21 45 0
1.1 21 46 0
1.1 21 47 0
1.1 21 48 0
1.1 21 49 0
1.1 21 50 0
1.1 21 51 0
1.1 21 52 0
1.1 21 53 0
1.1 21 54 0
1.1 21 55 0
1.1 21 56 0
1.1 21 57 0
1.1 21 58 0
1.1 21 59 0
1.1500000000000001 42 40 1
1.1500000000000001 42 41 1
1.1500000000000001 42 42 1
1.1500000000000001 42 43 1
1.1500000000000001 42 44 1
1.1500000000000001 42 45 1
1.1500000000000001 42 46 1
1.1500000000000001 42 47 1
1.1500000000000001 42 48 1
1.1500000000000001 42 49 1
1.1500000000000001 42 50 1
1.1500000000000001 42 51 1
1.1500000000000001 42 52 1
1.1500000000000001 42 53 1
1.1500000000000001 42 54 1
1.1500000000000001 42 55 1
1.1500000000000001 42 56 1
1.1500000000000001 42 57 1
1.1500000000000001 42 58 1
1.1500000000000001 42 59 1
1.1500000000000001 22 40 0
1.1500000000000001 22 41 0
1.1500000000000001 22 42 0
1.1500000000000001 22 43 0
1.1500000000000001 22 44 0
1.1500000000000001 22 45 0
1.1500000000000001 22 46 0
1.1500000000000001 22 47 0
1.1500000000000001 22 48 0
1.1500000000000001 22 49 0
1.1500000000000001 22 50 0
1.1500000000000001 22 51 0
1.1500000000000001 22 52 0
1.1500000000000001 22 53 0
1.1500000000000001 22 54 0
1.1500000000000001 22 55 0
1.1500000000000001 22 56 0
1.1500000000000001 22 57 0
1.1500000000000001 22 58 0
1.1500000000000001 22 59 0
1.2000000000000002 43 40 1
1.2000000000000002 43 41 1
1.2000000000000002 43 42 1
1.2000000000000002 43 43 1
1.2000000000000002 43 44 1
1.2000000000000002 43 45 1
1.2000000000000002 43 46 1
1.2000000000000002 43 47 1
1.2000000000000002 43 48 1
1.2000000000000002 43 49 1
1.2000000000000002 43 50 1
1.2000000000000002 43 51 1
1.2000000000000002 43 52 1
1.2000000000000002 43 53 1
1.2000000000000002 43 54 1
1.2000000000000002 43 55 1
1.2000000000000002 43 56 1
1.2000000000000002 43 57 1
1.2000000000000002 43 58 1
1.2000000000000002 43 59 1
1.2000000000000002 23 40 0
1.2000000000000002 23 41 0
1.2000000000000002 23 42 0
1.2000000000000002 23 43 0
1.2000000000000002 23 44 0
1.2000000000000002 23 45 0
1.2000000000000002 23 46 0
1.2000000000000002 23 47 0
1.2000000000000002 23 48 0
1.2000000000000002 23 49 0
1.2000000000000002 23 50 0
1.2000000000000002 23 51 0
1.2000000000000002 23 52 0
1.2000000000000002 23 53 0
1.2000000000000002 23 54 0
1.2000000000000002 23 55 0
1.2000000000000002 23 56 0
1.2000000000000002 23 57 0
1.2000000000000002 23 58 0
1.2000000000000002 23 59 0
1.25 44 40 1
1.25 44 41 1
1.25 44 42 1
1.25 44 43 1
1.25 44 44 1
1.25 44 45 1
1.25 44 46 1
1.25 44 47 1
1.25 44 48 1
1.25 44 49 1
1.25 44 50 1
1.25 44 51 1
1.25 44 52 1
1.25 44 53 1
1.25 44 54 1
1.25 44 55 1
1.25 44 56 1
1.25 44 57 1
1.25 44 58 1
1.25 44 59 1
1.25 24 40 0
1.25 24 41 0
1.25 24 42 0
1.25 24 43 0
1.25 24 44 0
1.25 24 45 0
1.25 24 46 0
1.25 24 47 0
1.25 24 48 0
1.25 24 49 0
1.25 24 50 0
1.25 24 51 0
1.25 24 52 0
1.25 24 53 0
1.25 24 54 0
1.25 24 55 0
1.25 24 56 0
1.25 24 57 0
1.25 24 58 0
1.25 24 59 0
1.3 45 40 1
1.3 45 41 1
1.3 45 42 1
1.3 45 43 1
1.3 45 44 1
1.3 45 45 1
1.3 45 46 1
1.3 45 47 1
1.3 45 48 1
1.3 45 49 1
1.3 45 50 1
1.3 45 51 1
1.3 45 52 1
1.3 45 53 1
1.3 45 54 1
1.3 45 55 1
1.3 45 56 1
1.3 45 57 1
1.3 45 58 1
1.3 45 59 1
1.3 25 40 0
1.3 25 41 0
1.3 25 42 0
1.3 25 43 0
1.3 25 44 0
1.3 25 45 0
1.3 25 46 0
1.3 25 47 0
1.3 25 48 0
1.3 25 49 0
1.3 25 50 0
1.3 25 51 0
1.3 25 52 0
1.3 25 53 0
1.3 25 54 0
1.3 25 55 0
1.3 25 56 0
1.3 25 57 0
1.3 25 58 0
1.3 25 59 0
1.35 46 40 1
1.35 46 41 1
1.35 46 42 1
1.35 46 43 1
1.35 46 44 1
1.35 46 45 1
1.35 46 46 1
1.35 46 47 1
1.35 46 48 1
1.35 46 49 1
1.35 46 50 1
1.35 46 51 1
1.35 46 52 1
1.35 46 53 1
1.35 46 54 1
1.35 46 55 1
1.35 46 56 1
1.35 46 57 1
1.35 46 58 1
1.35 46 59 1
1.35 26 40 0
1.35 26 41 0
1.35 26 42 0
1.35 26 43 0
1.35 26 44 0
1.35 26 45 0
1.35 26 46 0
1.35 26 47 0
1.35 26 48 0
1.35 26 49 0
1.35 26 50 0
1.35 26 51 0
1.35 26 52 0
1.35 26 53 0
1.35 26 54 0
1.35 26 55 0
1.35 26 56 0
1.35 26 57 0
1.35 26 58 0
1.35 26 59 0
1.4000000000000001 47 40 1
1.4000000000000001 47 41 1
1.4000000000000001 47 42 1
1.4000000000000001 47 43 1
1.4000000000000001 47 44 1
1.4000000000000001 47 45 1
1.4000000000000001 47 46 1
1.4000000000000001 47 47 1
1.4000000000000001 47 48 1
1.4000000000000001 47 49 1
1.4000000000000001 47 50 1
1.4000000000000001 47 51 1
1.4000000000000001 47 52 1
1.4000000000000001 47 53 1
1.4000000000000001 47 54 1
1.4000000000000001 47 55 1
1.4000000000000001 47 56 1
1.4000000000000001 47 57 1
1.4000000000000001 47 58 1
1.4000000000000001 47 59 1
1.4000000000000001 27 40 0
1.4000000000000001 27 41 0
1.4000000000000001 27 42 0
1.4000000000000001 27 43 0
1.4000000000000001 27 44 0
1.4000000000000001 27 45 0
1.4000000000000001 27 46 0
1.4000000000000001 27 47 0
1.4000000000000001 27 48 0
1.4000000000000001 27 49 0
1.4000000000000001 27 50 0
1.4000000000000001 27 51 0
1.4000000000000001 27 52 0
1.4000000000000001 27 53 0
1.4000000000000001 27 54 0
1.4000000000000001 27 55 0
1.4000000000000001 27 56 0
1.4000000000000001 27 57 0
1.4000000000000001 27 58 0
1.4000000000000001 27 59 0
1.4500000000000002 48 40 1
1.4500000000000002 48 41 1
1.4500000000000002 48 42 1
1.4500000000000002 48 43 1
1.4500000000000002 48 44 1
1.4500000000000002 48 45 1
1.4500000000000002 48 46 1
1.4500000000000002 48 47 1
1.4500000000000002 48 48 1
1.4500000000000002 48 49 1
1.4500000000000002 48 50 1
1.4500000000000002 48 51 1
1.4500000000000002 48 52 1
1.4500000000000002 48 53 1
1.4500000000000002 48 54 1
1.4500000000000002 48 55 1
1.4500000000000002 48 56 1
1.4500000000000002 48 57 1
1.4500000000000002 48 58 1
1.4500000000000002 48 59 1
1.4500000000000002 28 40 0
1.4500000000000002 28 41 0
1.4500000000000002 28 42 0
1.4500000000000002 28 43 0
1.4500000000000002 28 44 0
1.4500000000000002 28 45 0
1.4500000000000002 28 46 0
1.4500000000000002 28 47 0
1.4500000000000002 28 48 0
1.4500000000000002 28 49 0
1.4500000000000002 28 50 0
1.4500000000000002 28 51 0
1.4500000000000002 28 52 0
1.4500000000000002 28 53 0
1.4500000000000002 28 54 0
1.4500000000000002 28 55 0
1.4500000000000002 28 56 0
1.4500000000000002 28 57 0
1.4500000000000002 28 58 0
1.4500000000000002 28 59 0
1.5 49 40 1
1.5 49 41 1
1.5 49 42 1
1.5 49 43 1
1.5 49 44 1
1.5 49 45 1
1.5 49 46 1
1.5 49 47 1
1.5 49 48 1
1.5 49 49 1
1.5 49 50 1
1.5 49 51 1
1.5 49 52 1
1.5 49 53 1
1.5 49 54 1
1.5 49 55 1
1.5 49 56 1
1.5 49 57 1
1.5 49 58 1
1.5 49 59 1
1.5 29 40 0
1.5 29 41 0
1.5 29 42 0
1.5 29 43 0
1.5 29 44 0
1.5 29 45 0
1.5 29 46 0
1.5 29 47 0
1.5 29 48 0
1.5 29 49 0
1.5 29 50 0
1.5 29 51 0
1.5 29 52 0
1.5 29 53 0
1.5 29 54 0
1.5 29 55 0
1.5 29 56 0
1.5 29 57 0
1.5 29 58 0
1.5 29 59 0
1.55 50 40 1
1.55 50 41 1
1.55 50 42 1
1.55 50 43 1
1.55 50 44 1
1.55 50 45 1
1.55 50 46 1
1.55 50 47 1
1.55 50 48 1
1.55 50 49 1
1.55 50 50 1
1.55 50 51 1
1.55 50 52 1
1.55 50 53 1
1.55 50 54 1
1.55 50 55 1
1.55 50 56 1
1.55 50 57 1
1.55 50 58 1
1.55 50 59 1
1.55 30 40 0
1.55 30 41 0
1.55 30 42 0
1.55 30 43 0
1.55 30 44 0
1.55 30 45 0
1.55 30 46 0
1.55 30 47 0
1.55 30 48 0
1.55 30 49 0
1.55 30 50 0
1.55 30 51 0
1.55 30 52 0
1.55 30 53 0
1.55 30 54 0
1.55 30 55 0
1.55 30 56 0
1.55 30 57 0
1.55 30 58 0
1.55 30 59 0
1.6 51 40 1
1.6 51 41 1
1.6 51 42 1
1.6 51 43 1
1.6 51 44 1
1.6 51 45 1
1.6 51 46 1
1.6 51 47 1
1.6 51 48 1
1.6 51 49 1
1.6 51 50 1
1.6 51 51 1
1.6 51 52 1
1.6 51 53 1
1.6 51 54 1
1.6 51 55 1
1.6 51 56 1
1.6 51 57 1
1.6 51 58 1
1.6 51 59 1
1.6 31 40 0
1.6 31 41 0
1.6 31 42 0
1.6 31 43 0
1.6 31 44 0
1.6 31 45 0
1.6 31 46 0
1.6 31 47 0
1.6 31 48 0
1.6 31 49 0
1.6 31 50 0
1.6 31 51 0
1.6 31 52 0
1.6 31 53 0
1.6 31 54 0
1.6 31 55 0
1.6 31 56 0
1.6 31 57 0
1.6 31 58 0
1.6 31 59 0
1.6500000000000001 52 40 1
1.6500000000000001 52 41 1
1.6500000000000001 52 42 1
1.6500000000000001 52 43 1
1.6500000000000001 52 44 1
1.6500000000000001 52 45 1
1.6500000000000001 52 46 1
1.6500000000000001 52 47 1
1.6500000000000001 52 48 1
1.6500000000000001 52 49 1
1.6500000000000001 52 50 1
1.6500000000000001 52 51 1
1.6500000000000001 52 52 1
1.6500000000000001 52 53 1
1.6500000000000001 52 54 1
1.6500000000000001 52 55 1
1.6500000000000001 52 56 1
1.6500000000000001 52 57 1
1.6500000000000001 52 58 1
1.6500000000000001 52 59 1
1.6500000000000001 32 40 0
1.6500000000000001 32 41 0
1.6500000000000001 32 42 0
1.6500000000000001 32 43 0
1.6500000000000001 32 44 0
1.6500000000000001 32 45 0
1.6500000000000001 32 46 0
1.6500000000000001 32 47 0
1.6500000000000001 32 48 0
1.6500000000000001 32 49 0
1.6500000000000001 32 50 0
1.6500000000000001 32 51 0
1.6500000000000001 32 52 0
1.6500000000000001 32 53 0
1.6500000000000001 32 54 0
1.6500000000000001 32 55 0
1.6500000000000001 32 56 0
1.6500000000000001 32 57 0
1.6500000000000001 32 58 0
1.6500000000000001 32 59 0
1.7000000000000002 53 40 1
1.7000000000000002 53 41 1
1.7000000000000002 53 42 1
1.7000000000000002 53 43 1
1.7000000000000002 53 44 1
1.7000000000000002 53 45 1
1.7000000000000002 53 46 1
1.7000000000000002 53 47 1
1.7000000000000002 53 48 1
1.7000000000000002 53 49 1
1.7000000000000002 53 50 1
1.7000000000000002 53 51 1
1.7000000000000002 53 52 1
1.7000000000000002 53 53 1
1.7000000000000002 53 54 1
1.7000000000000002 53 55 1
1.7000000000000002 53 56 1
1.7000000000000002 53 57 1
1.7000000000000002 53 58 1
1.7000000000000002 53 59 1
1.7000000000000002 33 40 0
1.7000000000000002 33 41 0
1.7000000000000002 33 42 0
1.7000000000000002 33 43 0
1.7000000000000002 33 44 0
1.7000000000000002 33 45 0
1.7000000000000002 33 46 0
1.7000000000000002 33 47 0
1.7000000000000002 33 48 0
1.7000000000000002 33 49 0
1.7000000000000002 33 50 0
1.7000000000000002 33 51 0
1.7000000000000002 33 52 0
1.7000000000000002 33 53 0
1.7000000000000002 33 54 0
1.7000000000000002 33 55 0
1.7000000000000002 33 56 0
1.7000000000000002 33 57 0
1.7000000000000002 33 58 0
1.7000000000000002 33 59 0
1.75 54 40 1
1.75 54 41 1
1.75 54 42 1
1.75 54 43 1
1.75 54 44 1
1.75 54 45 1
1.75 54 46 1
1.75 54 47 1
1.75 54 48 1
1.75 54 49 1
1.75 54 50 1
1.75 54 51 1
1.75 54 52 1
1.75 54 53 1
1.75 54 54 1
1.75 54 55 1
1.75 54 56 1
1.75 54 57 1
1.75 54 58 1
1.75 54 59 1
1.75 34 40 0
1.75 34 41 0
1.75 34 42 0
1.75 34 43 0
1.75 34 44 0
1.75 34 45 0
1.75 34 46 0
1.75 34 47 0
1.75 34 48 0
1.75 34 49 0
1.75 34 50 0
1.75 34 51 0
1.75 34 52 0
1.75 34 53 0
1.75 34 54 0
1.75 34 55 0
1.75 34 56 0
1.75 34 57 0
1.75 34 58 0
1.75 34 59 0
1.8 55 40 1
1.8 55 41 1
1.8 55 42 1
1.8 55 43 1
1.8 55 44 1
1.8 55 45 1
1.8 55 46 1
1.8 55 47 1
1.8 55 48 1
1.8 55 49 1
1.8 55 50 1
1.8 55 51 1
1.8 55 52 1
1.8 55 53 1
1.8 55 54 1
1.8 55 55 1
1.8 55 56 1
1.8 55 57 1
1.8 55 58 1
1.8 55 59 1
1.8 35 40 0
1.8 35 41 0
1.8 35 42 0
1.8 35 43 0
1.8 35 44 0
1.8 35 45 0
1.8 35 46 0
1.8 35 47 0
1.8 35 48 0
1.8 35 49 0
1.8 35 50 0
1.8 35 51 0
1.8 35 52 0
1.8 35 53 0
1.8 35 54 0
1.8 35 55 0
1.8 35 56 0
1.8 35 57 0
1.8 35 58 0
1.8 35 59 0
1.85 56 40 1
1.85 56 41 1
1.85 56 42 1
1.85 56 43 1
1.85 56 44 1
1.85 56 45 1
1.85 56 46 1
1.85 56 47 1
1.85 56 48 1
1.85 56 49 1
1.85 56 50 1
1.85 56 51 1
1.85 56 52 1
1.85 56 53 1
1.85 56 54 1
1.85 56 55 1
1.85 56 56 1
1.85 56 57 1
1.85 56 58 1
1.85 56 59 1
1.85 36 40 0
1.85 36 41 0
1.85 36 42 0
1.85 36 43 0
1.85 36 44 0
1.85 36 45 0
1.85 36 46 0
1.85 36 47 0
1.85 36 48 0
1.85 36 49 0
1.85 36 50 0
1.85 36 51 0
1.85 36 52 0
1.85 36 53 0
1.85 36 54 0
1.85 36 55 0
1.85 36 56 0
1.85 36 57 0
1.85 36 58 0
1.85 36 59 0
1.9000000000000001 57 40 1
1.9000000000000001 57 41 1
1.9000000000000001 57 42 1
1.9000000000000001 57 43 1
1.9000000000000001 57 44 1
1.9000000000000001 57 45 1
1.9000000000000001 57 46 1
1.9000000000000001 57 47 1
1.9000000000000001 57 48 1
1.9000000000000001 57 49 1
1.9000000000000001 57 50 1
1.9000000000000001 57 51 1
1.9000000000000001 57 52 1
1.9000000000000001 57 53 1
1.9000000000000001 57 54 1
1.9000000000000001 57 55 1
1.9000000000000001 57 56 1
1.9000000000000001 57 57 1
1.9000000000000001 57 58 1
1.9000000000000001 57 59 1
1.9000000000000001 37 40 0
1.9000000000000001 37 41 0
1.9000000000000001 37 42 0
1.9000000000000001 37 43 0
1.9000000000000001 37 44 0
1.9000000000000001 37 45 0
1.9000000000000001 37 46 0
1.9000000000000001 37 47 0
1.9000000000000001 37 48 0
1.9000000000000001 37 49 0
1.9000000000000001 37 50 0
1.9000000000000001 37 51 0
1.9000000000000001 37 52 0
1.9000000000000001 37 53 0
1.9000000000000001 37 54 0
1.9000000000000001 37 55 0
1.9000000000000001 37 56 0
1.9000000000000001 37 57 0
1.9000000000000001 37 58 0
1.9000000000000001 37 59 0
1.9500000000000002 58 40 1
1.9500000000000002 58 41 1
1.9500000000000002 58 42 1
1.9500000000000002 58 43 1
1.9500000000000002 58 44 1
1.9500000000000002 58 45 1
1.9500000000000002 58 46 1
1.9500000000000002 58 47 1
1.9500000000000002 58 48 1
1.9500000000000002 58 49 1
1.9500000000000002 58 50 1
1.9500000000000002 58 51 1
1.9500000000000002 58 52 1
1.9500000000000002 58 53 1
1.9500000000000002 58 54 1
1.9500000000000002 58 55 1
1.9500000000000002 58 56 1
1.9500000000000002 58 57 1
1.9500000000000002 58 58 1
1.9500000000000002 58 59 1
1.9500000000000002 38 40 0
1.9500000000000002 38 41 0
1.9500000000000002 38 42 0
1.9500000000000002 38 43 0
1.9500000000000002 38 44 0
1.9500000000000002 38 45 0
1.9500000000000002 38 46 0
1.9500000000000002 38 47 0
1.9500000000000002 38 48 0
1.9500000000000002 38 49 0
1.9500000000000002 38 50 0
1.9500000000000002 38 51 0
1.9500000000000002 38 52 0
1.9500000000000002 38 53 0
1.9500000000000002 38 54 0
1.9500000000000002 38 55 0
1.9500000000000002 38 56 0
1.9500000000000002 38 57 0
1.9500000000000002 38 58 0
1.9500000000000002 38 59 0
2.0 59 40 1
2.0 59 41 1
2.0 59 42 1
2.0 59 43 1
2.0 59 44 1
2.0 59 45 1
2.0 59 46 1
2.0 59 47 1
2.0 59 48 1
2.0 59 49 1
2.0 59 50 1
2.0 59 51 1
2.0 59 52 1
2.0 59 53 1
2.0 59 54 1
2.0 59 55 1
2.0 59 56 1
2.0 59 57 1
2.0 59 58 1
2.0 59 59 1
2.0 39 40 0
2.0 39 41 0
2.0 39 42 0
2.0 39 43 0
2.0 39 44 0
2.0 39 45 0
2.0 39 46 0
2.0 39 47 0
2.0 39 48 0
2.0 39 49 0
2.0 39 50 0
2.0 39 51 0
2.0 39 52 0
2.0 39 53 0
2.0 39 54 0
2.0 39 55 0
2.0 39 56 0
2.0 39 57 0
2.0 39 58 0
2.0 39 59 0
2.0500000000000003 60 40 1
2.0500000000000003 60 41 1
2.0500000000000003 60 42 1
2.0500000000000003 60 43 1
2.0500000000000003 60 44 1
2.0500000000000003 60 45 1
2.0500000000000003 60 46 1
2.0500000000000003 60 47 1
2.0500000000000003 60 48 1
2.0500000000000003 60 49 1
2.0500000000000003 60 50 1
2.0500000000000003 60 51 1
2.0500000000000003 60 52 1
2.0500000000000003 60 53 1
2.0500000000000003 60 54 1
2.0500000000000003 60 55 1
2.0500000000000003 60 56 1
2.0500000000000003 60 57 1
2.0500000000000003 60 58 1
2.0500000000000003 60 59 1
2.0500000000000003 40 40 0
2.0500000000000003 40 41 0
2.0500000000000003 40 42 0
2.0500000000000003 40 43 0
2.0500000000000003 40 44 0
2.0500000000000003 40 45 0
2.0500000000000003 40 46 0
2.0500000000000003 40 47 0
2.0500000000000003 40 48 0
2.0500000000000003 40 49 0
2.0500000000000003 40 50 0
2.0500000000000003 40 51 0
2.0500000000000003 40 52 0
2.0500000000000003 40 53 0
2.0500000000000003 40 54 0
2.0500000000000003 40 55 0
2.0500000000000003 40 56 0
2.0500000000000003 40 57 0
2.0500000000000003 40 58 0
2.0500000000000003 40 59 0
2.1 61 40 1
2.1 61 41 1
2.1 61 42 1
2.1 61 43 1
2.1 61 44 1
2.1 61 45 1
2.1 61 46 1
2.1 61 47 1
2.1 61 48 1
2.1 61 49 1
2.1 61 50 1
2.1 61 51 1
2.1 61 52 1
2.1 61 53 1
2.1 61 54 1
2.1 61 55 1
2.1 61 56 1
2.1 61 57 1
2.1 61 58 1
2.1 61 59 1
2.1 41 40 0
2.1 41 41 0
2.1 41 42 0
2.1 41 43 0
2.1 41 44 0
2.1 41 45 0
2.1 41 46 0
2.1 41 47 0
2.1 41 48 0
2.1 41 49 0
2.1 41 50 0
2.1 41 51 0
2.1 41 52 0
2.1 41 53 0
2.1 41 54 0
2.1 41 55 0
2.1 41 56 0
2.1 41 57 0
2.1 41 58 0
2.1 41 59 0
2.15 62 40 1
2.15 62 41 1
2.15 62 42 1
2.15 62 43 1
2.15 62 44 1
2.15 62 45 1
2.15 62 46 1
2.15 62 47 1
2.15 62 48 1
2.15 62 49 1
2.15 62 50 1
2.15 62 51 1
2.15 62 52 1
2.15 62 53 1
2.15 62 54 1
2.15 62 55 1
2.15 62 56 1
2.15 62 57 1
2.15 62 58 1
2.15 62 59 1
2.15 42 40 0
2.15 42 41 0
2.15 42 42 0
2.15 42 43 0
2.15 42 44 0
2.15 42 45 0
2.15 42 46 0
2.15 42 47 0
2.15 42 48 0
2.15 42 49 0
2.15 42 50 0
2.15 42 51 0
2.15 42 52 0
2.15 42 53 0
2.15 42 54 0
2.15 42 55 0
2.15 42 56 0
2.15 42 57 0
2.15 42 58 0
2.15 42 59 0
2.2 63 40 1
2.2 63 41 1
2.2 63 42 1
2.2 63 43 1
2.2 63 44 1
2.2 63 45 1
2.2 63 46 1
2.2 63 47 1
2.2 63 48 1
2.2 63 49 1
2.2 63 50 1
2.2 63 51 1
2.2 63 52 1
2.2 63 53 1
2.2 63 54 1
2.2 63 55 1
2.2 63 56 1
2.2 63 57 1
2.2 63 58 1
2.2 63 59 1
2.2 43 40 0
2.2 43 41 0
2.2 43 42 0
2.2 43 43 0
2.2 43 44 0
2.2 43 45 0
2.2 43 46 0
2.2 43 47 0
2.2 43 48 0
2.2 43 49 0
2.2 43 50 0
2.2 43 51 0
2.2 43 52 0
2.2 43 53 0
2.2 43 54 0
2.2 43 55 0
2.2 43 56 0
2.2 43 57 0
2.2 43 58 0
2.2 43 59 0
2.25 64 40 1
2.25 64 41 1
2.25 64 42 1
2.25 64 43 1
2.25 64 44 1
2.25 64 45 1
2.25 64 46 1
2.25 64 47 1
2.25 64 48 1
2.25 64 49 1
2.25 64 50 1
2.25 64 51 1
2.25 64 52 1
2.25 64 53 1
2.25 64 54 1
2.25 64 55 1
2.25 64 56 1
2.25 64 57 1
2.25 64 58 1
2.25 64 59 1
2.25 44 40 0
2.25 44 41 0
2.25 44 42 0
2.25 44 43 0
2.25 44 44 0
2.25 44 45 0
2.25 44 46 0
2.25 44 47 0
2.25 44 48 0
2.25 44 49 0
2.25 44 50 0
2.25 44 51 0
2.25 44 52 0
2.25 44 53 0
2.25 44 54 0
2.25 44 55 0
2.25 44 56 0
2.25 44 57 0
2.25 44 58 0
2.25 44 59 0
2.3000000000000003 65 40 1
2.3000000000000003 65 41 1
2.3000000000000003 65 42 1
2.3000000000000003 65 43 1
2.3000000000000003 65 44 1
2.3000000000000003 65 45 1
2.3000000000000003 65 46 1
2.3000000000000003 65 47 1
2.3000000000000003 65 48 1
2.3000000000000003 65 49 1
2.3000000000000003 65 50 1
2.3000000000000003 65 51 1
2.3000000000000003 65 52 1
2.3000000000000003 65 53 1
2.3000000000000003 65 54 1
2.3000000000000003 65 55 1
2.3000000000000003 65 56 1
2.3000000000000003 65 57 1
2.3000000000000003 65 58 1
2.3000000000000003 65 59 1
2.3000000000000003 45 40 0
2.3000000000000003 45 41 0
2.3000000000000003 45 42 0
2.3000000000000003 45 43 0
2.3000000000000003 45 44 0
2.3000000000000003 45 45 0
2.3000000000000003 45 46 0
2.3000000000000003 45 47 0
2.3000000000000003 45 48 0
2.3000000000000003 45 49 0
2.3000000000000003 45 50 0
2.3000000000000003 45 51 0
2.3000000000000003 45 52 0
2.3000000000000003 45 53 0
2.3000000000000003 45 54 0
2.3000000000000003 45 55 0
2.3000000000000003 45 56 0
2.3000000000000003 45 57 0
2.3000000000000003 45 58 0
2.3000000000000003 45 59 0
2.35 66 40 1
2.35 66 41 1
2.35 66 42 1
2.35 66 43 1
2.35 66 44 1
2.35 66 45 1
2.35 66 46 1
2.35 66 47 1
2.35 66 48 1
2.35 66 49 1
2.35 66 50 1
2.35 66 51 1
2.35 66 52 1
2.35 66 53 1
2.35 66 54 1
2.35 66 55 1
2.35 66 56 1
2.35 66 57 1
2.35 66 58 1
2.35 66 59 1
2.35 46 40 0
2.35 46 41 0
2.35 46 42 0
2.35 46 43 0
2.35 46 44 0
2.35 46 45 0
2.35 46 46 0
2.35 46 47 0
2.35 46 48 0
2.35 46 49 0
2.35 46 50 0
2.35 46 51 0
2.35 46 52 0
2.35 46 53 0
2.35 46 54 0
2.35 46 55 0
2.35 46 56 0
2.35 46 57 0
2.35 46 58 0
2.35 46 59 0
2.4000000000000004 67 40 1
2.4000000000000004 67 41 1
2.4000000000000004 67 42 1
2.4000000000000004 67 43 1
2.4000000000000004 67 44 1
2.4000000000000004 67 45 1
2.4000000000000004 67 46 1
2.4000000000000004 67 47 1
2.4000000000000004 67 48 1
2.4000000000000004 67 49 1
2.4000000000000004 67 50 1
2.4000000000000004 67 51 1
2.4000000000000004 67 52 1
2.4000000000000004 67 53 1
2.4000000000000004 67 54 1
2.4000000000000004 67 55 1
2.4000000000000004 67 56 1
2.4000000000000004 67 57 1
2.4000000000000004 67 58 1
2.4000000000000004 67 59 1
2.4000000000000004 47 40 0
2.4000000000000004 47 41 0
2.4000000000000004 47 42 0
2.4000000000000004 47 43 0
2.4000000000000004 47 44 0
2.4000000000000004 47 45 0
2.4000000000000004 47 46 0
2.4000000000000004 47 47 0
2.4000000000000004 47 48 0
2.4000000000000004 47 49 0
2.4000000000000004 47 50 0
2.4000000000000004 47 51 0
2.4000000000000004 47 52 0
2.4000000000000004 47 53 0
2.4000000000000004 47 54 0
2.4000000000000004 47 55 0
2.4000000000000004 47 56 0
2.4000000000000004 47 57 0
2.4000000000000004 47 58 0
2.4000000000000004 47 59 0
2.45 68 40 1
2.45 68 41 1
2.45 68 42 1
2.45 68 43 1
2.45 68 44 1
2.45 68 45 1
2.45 68 46 1
2.45 68 47 1
2.45 68 48 1
2.45 68 49 1
2.45 68 50 1
2.45 68 51 1
2.45 68 52 1
2.45 68 53 1
2.45 68 54 1
2.45 68 55 1
2.45 68 56 1
2.45 68 57 1
2.45 68 58 1
2.45 68 59 1
2.45 48 40 0
2.45 48 41 0
2.45 48 42 0
2.45 48 43 0
2.45 48 44 0
2.45 48 45 0
2.45 48 46 0
2.45 48 47 0
2.45 48 48 0
2.45 48 49 0
2.45 48 50 0
2.45 48 51 0
2.45 48 52 0
2.45 48 53 0
2.45 48 54 0
2.45 48 55 0
2.45 48 56 0
2.45 48 57 0
2.45 48 58 0
2.45 48 59 0
2.5 69 40 1
2.5 69 41 1
2.5 69 42 1
2.5 69 43 1
2.5 69 44 1
2.5 69 45 1
2.5 69 46 1
2.5 69 47 1
2.5 69 48 1
2.5 69 49 1
2.5 69 50 1
2.5 69 51 1
2.5 69 52 1
2.5 69 53 1
2.5 69 54 1
2.5 69 55 1
2.5 69 56 1
2.5 69 57 1
2.5 69 58 1
2.5 69 59 1
2.5 49 40 0
2.5 49 41 0
2.5 49 42 0
2.5 49 43 0
2.5 49 44 0
2.5 49 45 0
2.5 49 46 0
2.5 49 47 0
2.5 49 48 0
2.5 49 49 0
2.5 49 50 0
2.5 49 51 0
2.5 49 52 0
2.5 49 53 0
2.5 49 54 0
2.5 49 55 0
2.5 49 56 0
2.5 49 57 0
2.5 49 58 0
2.5 49 59 0
2.5500000000000003 70 40 1
2.5500000000000003 70 41 1
2.5500000000000003 70 42 1
2.5500000000000003 70 43 1
2.5500000000000003 70 44 1
2.5500000000000003 70 45 1
2.5500000000000003 70 46 1
2.5500000000000003 70 47 1
2.5500000000000003 70 48 1
2.5500000000000003 70 49 1
2.5500000000000003 70 50 1
2.5500000000000003 70 51 1
2.5500000000000003 70 52 1
2.5500000000000003 70 53 1
2.5500000000000003 70 54 1
2.5500000000000003 70 55 1
2.5500000000000003 70 56 1
2.5500000000000003 70 57 1
2.5500000000000003 70 58 1
2.5500000000000003 70 59 1
2.5500000000000003 50 40 0
2.5500000000000003 50 41 0
2.5500000000000003 50 42 0
2.5500000000000003 50 43 0
2.5500000000000003 50 44 0
2.5500000000000003 50 45 0
2.5500000000000003 50 46 0
2.5500000000000003 50 47 0
2.5500000000000003 50 48 0
2.5500000000000003 50 49 0
2.5500000000000003 50 50 0
2.5500000000000003 50 51 0
2.5500000000000003 50 52 0
2.5500000000000003 50 53 0
2.5500000000000003 50 54 0
2.5500000000000003 50 55 0
2.5500000000000003 50 56 0
2.5500000000000003 50 57 0
2.5500000000000003 50 58 0
2.5500000000000003 50 59 0
2.6 71 40 1
2.6 71 41 1
2.6 71 42 1
2.6 71 43 1
2.6 71 44 1
2.6 71 45 1
2.6 71 46 1
2.6 71 47 1
2.6 71 48 1
2.6 71 49 1
2.6 71 50 1
2.6 71 51 1
2.6 71 52 1
2.6 71 53 1
2.6 71 54 1
2.6 71 55 1
2.6 71 56 1
2.6 71 57 1
2.6 71 58 1
2.6 71 59 1
2.6 51 40 0
2.6 51 41 0
2.6 51 42 0
2.6 51 43 0
2.6 51 44 0
2.6 51 45 0
2.6 51 46 0
2.6 51 47 0
2.6 51 48 0
2.6 51 49 0
2.6 51 50 0
2.6 51 51 0
2.6 51 52 0
2.6 51 53 0
2.6 51 54 0
2.6 51 55 0
2.6 51 56 0
2.6 51 57 0
2.6 51 58 0
2.6 51 59 0
2.6500000000000004 72 40 1
2.6500000000000004 72 41 1
2.6500000000000004 72 42 1
2.6500000000000004 72 43 1
2.6500000000000004 72 44 1
2.6500000000000004 72 45 1
2.6500000000000004 72 46 1
2.6500000000000004 72 47 1
2.6500000000000004 72 48 1
2.6500000000000004 72 49 1
2.6500000000000004 72 50 1
2.6500000000000004 72 51 1
2.6500000000000004 72 52 1
2.6500000000000004 72 53 1
2.6500000000000004 72 54 1
2.6500000000000004 72 55 1
2.6500000000000004 72 56 1
2.6500000000000004 72 57 1
2.6500000000000004 72 58 1
2.6500000000000004 72 59 1
2.6500000000000004 52 40 0
2.6500000000000004 52 41 0
2.6500000000000004 52 42 0
2.6500000000000004 52 43 0
2.6500000000000004 52 44 0
2.6500000000000004 52 45 0
2.6500000000000004 52 46 0
2.6500000000000004 52 47 0
2.6500000000000004 52 48 0
2.6500000000000004 52 49 0
2.6500000000000004 52 50 0
2.6500000000000004 52 51 0
2.6500000000000004 52 52 0
2.6500000000000004 52 53 0
2.6500000000000004 52 54 0
2.6500000000000004 52 55 0
2.6500000000000004 52 56 0
2.6500000000000004 52 57 0
2.6500000000000004 52 58 0
2.6500000000000004 52 59 0
2.7 73 40 1
2.7 73 41 1
2.7 73 42 1
2.7 73 43 1
2.7 73 44 1
2.7 73 45 1
2.7 73 46 1
2.7 73 47 1
2.7 73 48 1
2.7 73 49 1
2.7 73 50 1
2.7 73 51 1
2.7 73 52 1
2.7 73 53 1
2.7 73 54 1
2.7 73 55 1
2.7 73 56 1
2.7 73 57 1
2.7 73 58 1
2.7 73 59 1
2.7 53 40 0
2.7 53 41 0
2.7 53 42 0
2.7 53 43 0
2.7 53 44 0
2.7 53 45 0
2.7 53 46 0
2.7 53 47 0
2.7 53 48 0
2.7 53 49 0
2.7 53 50 0
2.7 53 51 0
2.7 53 52 0
2.7 53 53 0
2.7 53 54 0
2.7 53 55 0
2.7 53 56 0
2.7 53 57 0
2.7 53 58 0
2.7 53 59 0
2.75 74 40 1
2.75 74 41 1
2.75 74 42 1
2.75 74 43 1
2.75 74 44 1
2.75 74 45 1
2.75 74 46 1
2.75 74 47 1
2.75 74 48 1
2.75 74 49 1
2.75 74 50 1
2.75 74 51 1
2.75 74 52 1
2.75 74 53 1
2.75 74 54 1
2.75 74 55 1
2.75 74 56 1
2.75 74 57 1
2.75 74 58 1
2.75 74 59 1
2.75 54 40 0
2.75 54 41 0
2.75 54 42 0
2.75 54 43 0
2.75 54 44 0
2.75 54 45 0
2.75 54 46 0
2.75 54 47 0
2.75 54 48 0
2.75 54 49 0
2.75 54 50 0
2.75 54 51 0
2.75 54 52 0
2.75 54 53 0
2.75 54 54 0
2.75 54 55 0
2.75 54 56 0
2.75 54 57 0
2.75 54 58 0
2.75 54 59 0
2.8000000000000003 75 40 1
2.8000000000000003 75 41 1
2.8000000000000003 75 42 1
2.8000000000000003 75 43 1
2.8000000000000003 75 44 1
2.8000000000000003 75 45 1
2.8000000000000003 75 46 1
2.8000000000000003 75 47 1
2.8000000000000003 75 48 1
2.8000000000000003 75 49 1
2.8000000000000003 75 50 1
2.8000000000000003 75 51 1
2.8000000000000003 75 52 1
2.8000000000000003 75 53 1
2.8000000000000003 75 54 1
2.8000000000000003 75 55 1
2.8000000000000003 75 56 1
2.8000000000000003 75 57 1
2.8000000000000003 75 58 1
2.8000000000000003 75 59 1
2.8000000000000003 55 40 0
2.8000000000000003 55 41 0
2.8000000000000003 55 42 0
2.8000000000000003 55 43 0
2.8000000000000003 55 44 0
2.8000000000000003 55 45 0
2.8000000000000003 55 46 0
2.8000000000000003 55 47 0
2.8000000000000003 55 48 0
2.8000000000000003 55 49 0
2.8000000000000003 55 50 0
2.8000000000000003 55 51 0
2.8000000000000003 55 52 0
2.8000000000000003 55 53 0
2.8000000000000003 55 54 0
2.8000000000000003 55 55 0
2.8000000000000003 55 56 0
2.8000000000000003 55 57 0
2.8000000000000003 55 58 0
2.8000000000000003 55 59 0
2.85 76 40 1
2.85 76 41 1
2.85 76 42 1
2.85 76 43 1
2.85 76 44 1
2.85 76 45 1
2.85 76 46 1
2.85 76 47 1
2.85 76 48 1
2.85 76 49 1
2.85 76 50 1
2.85 76 51 1
2.85 76 52 1
2.85 76 53 1
2.85 76 54 1
2.85 76 55 1
2.85 76 56 1
2.85 76 57 1
2.85 76 58 1
2.85 76 59 1
2.85 56 40 0
2.85 56 41 0
2.85 56 42 0
2.85 56 43 0
2.85 56 44 0
2.85 56 45 0
2.85 56 46 0
2.85 56 47 0
2.85 56 48 0
2.85 56 49 0
2.85 56 50 0
2.85 56 51 0
2.85 56 52 0
2.85 56 53 0
2.85 56 54 0
2.85 56 55 0
2.85 56 56 0
2.85 56 57 0
2.85 56 58 0
2.85 56 59 0
2.9000000000000004 77 40 1
2.9000000000000004 77 41 1
2.9000000000000004 77 42 1
2.9000000000000004 77 43 1
2.9000000000000004 77 44 1
2.9000000000000004 77 45 1
2.9000000000000004 77 46 1
2.9000000000000004 77 47 1
2.9000000000000004 77 48 1
2.9000000000000004 77 49 1
2.9000000000000004 77 50 1
2.9000000000000004 77 51 1
2.9000000000000004 77 52 1
2.9000000000000004 77 53 1
2.9000000000000004 77 54 1
2.9000000000000004 77 55 1
2.9000000000000004 77 56 1
2.9000000000000004 77 57 1
2.9000000000000004 77 58 1
2.9000000000000004 77 59 1
2.9000000000000004 57 40 0
2.9000000000000004 57 41 0
2.9000000000000004 57 42 0
2.9000000000000004 57 43 0
2.9000000000000004 57 44 0
2.9000000000000004 57 45 0
2.9000000000000004 57 46 0
2.9000000000000004 57 47 0
2.9000000000000004 57 48 0
2.9000000000000004 57 49 0
2.9000000000000004 57 50 0
2.9000000000000004 57 51 0
2.9000000000000004 57 52 0
2.9000000000000004 57 53 0
2.9000000000000004 57 54 0
2.9000000000000004 57 55 0
2.9000000000000004 57 56 0
2.9000000000000004 57 57 0
2.9000000000000004 57 58 0
2.9000000000000004 57 59 0
2.95 78 40 1
2.95 78 41 1
2.95 78 42 1
2.95 78 43 1
2.95 78 44 1
2.95 78 45 1
2.95 78 46 1
2.95 78 47 1
2.95 78 48 1
2.95 78 49 1
2.95 78 50 1
2.95 78 51 1
2.95 78 52 1
2.95 78 53 1
2.95 78 54 1
2.95 78 55 1
2.95 78 56 1
2.95 78 57 1
2.95 78 58 1
2.95 78 59 1
2.95 58 40 0
2.95 58 41 0
2.95 58 42 0
2.95 58 43 0
2.95 58 44 0
2.95 58 45 0
2.95 58 46 0
2.95 58 47 0
2.95 58 48 0
2.95 58 49 0
2.95 58 50 0
2.95 58 51 0
2.95 58 52 0
2.95 58 53 0
2.95 58 54 0
2.95 58 55 0
2.95 58 56 0
2.95 58 57 0
2.95 58 58 0
2.95 58 59 0
3.0 79 40 1
3.0 79 41 1
3.0 79 42 1
3.0 79 43 1
3.0 79 44 1
3.0 79 45 1
3.0 79 46 1
3.0 79 47 1
3.0 79 48 1
3.0 79 49 1
3.0 79 50 1
3.0 79 51 1
3.0 79 52 1
3.0 79 53 1
3.0 79 54 1
3.0 79 55 1
3.0 79 56 1
3.0 79 57 1
3.0 79 58 1
3.0 79 59 1
3.0 59 40 0
3.0 59 41 0
3.0 59 42 0
3.0 59 43 0
3.0 59 44 0
3.0 59 45 0
3.0 59 46 0
3.0 59 47 0
3.0 59 48 0
3.0 59 49 0
3.0 59 50 0
3.0 59 51 0
3.0 59 52 0
3.0 59 53 0
3.0 59 54 0
3.0 59 55 0
3.0 59 56 0
3.0 59 57 0
3.0 59 58 0
3.0 59 59 0
3.0500000000000003 80 40 1
3.0500000000000003 80 41 1
3.0500000000000003 80 42 1
3.0500000000000003 80 43 1
3.0500000000000003 80 44 1
3.0500000000000003 80 45 1
3.0500000000000003 80 46 1
3.0500000000000003 80 47 1
3.0500000000000003 80 48 1
3.0500000000000003 80 49 1
3.0500000000000003 80 50 1
3.0500000000000003 80 51 1
3.0500000000000003 80 52 1
3.0500000000000003 80 53 1
3.0500000000000003 80 54 1
3.0500000000000003 80 55 1
3.0500000000000003 80 56 1
3.0500000000000003 80 57 1
3.0500000000000003 80 58 1
3.0500000000000003 80 59 1
3.0500000000000003 60 40 0
3.0500000000000003 60 41 0
3.0500000000000003 60 42 0
3.0500000000000003 60 43 0
3.0500000000000003 60 44 0
3.0500000000000003 60 45 0
3.0500000000000003 60 46 0
3.0500000000000003 60 47 0
3.0500000000000003 60 48 0
3.0500000000000003 60 49 0
3.0500000000000003 60 50 0
3.0500000000000003 60 51 0
3.0500000000000003 60 52 0
3.0500000000000003 60 53 0
3.0500000000000003 60 54 0
3.0500000000000003 60 55 0
3.0500000000000003 60 56 0
3.0500000000000003 60 57 0
3.0500000000000003 60 58 0
3.0500000000000003 60 59 0
3.1 81 40 1
3.1 81 41 1
3.1 81 42 1
3.1 81 43 1
3.1 81 44 1
3.1 81 45 1
3.1 81 46 1
3.1 81 47 1
3.1 81 48 1
3.1 81 49 1
3.1 81 50 1
3.1 81 51 1
3.1 81 52 1
3.1 81 53 1
3.1 81 54 1
3.1 81 55 1
3.1 81 56 1
3.1 81 57 1
3.1 81 58 1
3.1 81 59 1
3.1 61 40 0
3.1 61 41 0
3.1 61 42 0
3.1 61 43 0
3.1 61 44 0
3.1 61 45 0
3.1 61 46 0
3.1 61 47 0
3.1 61 48 0
3.1 61 49 0
3.1 61 50 0
3.1 61 51 0
3.1 61 52 0
3.1 61 53 0
3.1 61 54 0
3.1 61 55 0
3.1 61 56 0
3.1 61 57 0
3.1 61 58 0
3.1 61 59 0
3.1500000000000004 82 40 1
3.1500000000000004 82 41 1
3.1500000000000004 82 42 1
3.1500000000000004 82 43 1
3.1500000000000004 82 44 1
3.1500000000000004 82 45 1
3.1500000000000004 82 46 1
3.1500000000000004 82 47 1
3.1500000000000004 82 48 1
3.1500000000000004 82 49 1
3.1500000000000004 82 50 1
3.1500000000000004 82 51 1
3.1500000000000004 82 52 1
3.1500000000000004 82 53 1
3.1500000000000004 82 54 1
3.1500000000000004 82 55 1
3.1500000000000004 82 56 1
3.1500000000000004 82 57 1
3.1500000000000004 82 58 1
3.1500000000000004 82 59 1
3.1500000000000004 62 40 0
3.1500000000000004 62 41 0
3.1500000000000004 62 42 0
3.1500000000000004 62 43 0
3.1500000000000004 62 44 0
3.1500000000000004 62 45 0
3.1500000000000004 62 46 0
3.1500000000000004 62 47 0
3.1500000000000004 62 48 0
3.1500000000000004 62 49 0
3.1500000000000004 62 50 0
3.1500000000000004 62 51 0
3.1500000000000004 62 52 0
3.1500000000000004 62 53 0
3.1500000000000004 62 54 0
3.1500000000000004 62 55 0
3.1500000000000004 62 56 0
3.1500000000000004 62 57 0
3.1500000000000004 62 58 0
3.1500000000000004 62 59 0
3.2 83 40 1
3.2 83 41 1
3.2 83 42 1
3.2 83 43 1
3.2 83 44 1
3.2 83 45 1
3.2 83 46 1
3.2 83 47 1
3.2 83 48 1
3.2 83 49 1
3.2 83 50 1
3.2 83 51 1
3.2 83 52 1
3.2 83 53 1
3.2 83 54 1
3.2 83 55 1
3.2 83 56 1
3.2 83 57 1
3.2 83 58 1
3.2 83 59 1
3.2 63 40 0
3.2 63 41 0
3.2 63 42 0
3.2 63 43 0
3.2 63 44 0
3.2 63 45 0
3.2 63 46 0
3.2 63 47 0
3.2 63 48 0
3.2 63 49 0
3.2 63 50 0
3.2 63 51 0
3.2 63 52 0
3.2 63 53 0
3.2 63 54 0
3.2 63 55 0
3.2 63 56 0
3.2 63 57 0
3.2 63 58 0
3.2 63 59 0
3.25 84 40 1
3.25 84 41 1
3.25 84 42 1
3.25 84 43 1
3.25 84 44 1
3.25 84 45 1
3.25 84 46 1
3.25 84 47 1
3.25 84 48 1
3.25 84 49 1
3.25 84 50 1
3.25 84 51 1
3.25 84 52 1
3.25 84 53 1
3.25 84 54 1
3.25 84 55 1
3.25 84 56 1
3.25 84 57 1
3.25 84 58 1
3.25 84 59 1
3.25 64 40 0
3.25 64 41 0
3.25 64 42 0
3.25 64 43 0
3.25 64 44 0
3.25 64 45 0
3.25 64 46 0
3.25 64 47 0
3.25 64 48 0
3.25 64 49 0
3.25 64 50 0
3.25 64 51 0
3.25 64 52 0
3.25 64 53 0
3.25 64 54 0
3.25 64 55 0
3.25 64 56 0
3.25 64 57 0
3.25 64 58 0
3.25 64 59 0
3.3000000000000003 85 40 1
3.3000000000000003 85 41 1
3.3000000000000003 85 42 1
3.3000000000000003 85 43 1
3.3000000000000003 85 44 1
3.3000000000000003 85 45 1
3.3000000000000003 85 46 1
3.3000000000000003 85 47 1
3.3000000000000003 85 48 1
3.3000000000000003 85 49 1
3.3000000000000003 85 50 1
3.3000000000000003 85 51 1
3.3000000000000003 85 52 1
3.3000000000000003 85 53 1
3.3000000000000003 85 54 1
3.3000000000000003 85 55 1
3.3000000000000003 85 56 1
3.3000000000000003 85 57 1
3.3000000000000003 85 58 1
3.3000000000000003 85 59 1
3.3000000000000003 65 40 0
3.3000000000000003 65 41 0
3.3000000000000003 65 42 0
3.3000000000000003 65 43 0
3.3000000000000003 65 44 0
3.3000000000000003 65 45 0
3.3000000000000003 65 46 0
3.3000000000000003 65 47 0
3.3000000000000003 65 48 0
3.3000000000000003 65 49 0
3.3000000000000003 65 50 0
3.3000000000000003 65 51 0
3.3000000000000003 65 52 0
3.3000000000000003 65 53 0
3.3000000000000003 65 54 0
3.3000000000000003 65 55 0
3.3000000000000003 65 56 0
3.3000000000000003 65 57 0
3.3000000000000003 65 58 0
3.3000000000000003 65 59 0
3.35 86 40 1
3.35 86 41 1
3.35 86 42 1
3.35 86 43 1
3.35 86 44 1
3.35 86 45 1
3.35 86 46 1
3.35 86 47 1
3.35 86 48 1
3.35 86 49 1
3.35 86 50 1
3.35 86 51 1
3.35 86 52 1
3.35 86 53 1
3.35 86 54 1
3.35 86 55 1
3.35 86 56 1
3.35 86 57 1
3.35 86 58 1
3.35 86 59 1
3.35 66 40 0
3.35 66 41 0
3.35 66 42 0
3.35 66 43 0
3.35 66 44 0
3.35 66 45 0
3.35 66 46 0
3.35 66 47 0
3.35 66 48 0
3.35 66 49 0
3.35 66 50 0
3.35 66 51 0
3.35 66 52 0
3.35 66 53 0
3.35 66 54 0
3.35 66 55 0
3.35 66 56 0
3.35 66 57 0
3.35 66 58 0
3.35 66 59 0
3.4000000000000004 87 40 1
3.4000000000000004 87 41 1
3.4000000000000004 87 42 1
3.4000000000000004 87 43 1
3.4000000000000004 87 44 1
3.4000000000000004 87 45 1
3.4000000000000004 87 46 1
3.4000000000000004 87 47 1
3.4000000000000004 87 48 1
3.4000000000000004 87 49 1
3.4000000000000004 87 50 1
3.4000000000000004 87 51 1
3.4000000000000004 87 52 1
3.4000000000000004 87 53 1
3.4000000000000004 87 54 1
3.4000000000000004 87 55 1
3.4000000000000004 87 56 1
3.4000000000000004 87 57 1
3.4000000000000004 87 58 1
3.4000000000000004 87 59 1
3.4000000000000004 67 40 0
3.4000000000000004 67 41 0
3.4000000000000004 67 42 0
3.4000000000000004 67 43 0
3.4000000000000004 67 44 0
3.4000000000000004 67 45 0
3.4000000000000004 67 46 0
3.4000000000000004 67 47 0
3.4000000000000004 67 48 0
3.4000000000000004 67 49 0
3.4000000000000004 67 50 0
3.4000000000000004 67 51 0
3.4000000000000004 67 52 0
3.4000000000000004 67 53 0
3.4000000000000004 67 54 0
3.4000000000000004 67 55 0
3.4000000000000004 67 56 0
3.4000000000000004 67 57 0
3.4000000000000004 67 58 0
3.4000000000000004 67 59 0
3.45 88 40 1
3.45 88 41 1
3.45 88 42 1
3.45 88 43 1
3.45 88 44 1
3.45 88 45 1
3.45 88 46 1
3.45 88 47 1
3.45 88 48 1
3.45 88 49 1
3.45 88 50 1
3.45 88 51 1
3.45 88 52 1
3.45 88 53 1
3.45 88 54 1
3.45 88 55 1
3.45 88 56 1
3.45 88 57 1
3.45 88 58 1
3.45 88 59 1
3.45 68 40 0
3.45 68 41 0
3.45 68 42 0
3.45 68 43 0
3.45 68 44 0
3.45 68 45 0
3.45 68 46 0
3.45 68 47 0
3.45 68 48 0
3.45 68 49 0
3.45 68 50 0
3.45 68 51 0
3.45 68 52 0
3.45 68 53 0
3.45 68 54 0
3.45 68 55 0
3.45 68 56 0
3.45 68 57 0
3.45 68 58 0
3.45 68 59 0
3.5 89 40 1
3.5 89 41 1
3.5 89 42 1
3.5 89 43 1
3.5 89 44 1
3.5 89 45 1
3.5 89 46 1
3.5 89 47 1
3.5 89 48 1
3.5 89 49 1
3.5 89 50 1
3.5 89 51 1
3.5 89 52 1
3.5 89 53 1
3.5 89 54 1
3.5 89 55 1
3.5 89 56 1
3.5 89 57 1
3.5 89 58 1
3.5 89 59 1
3.5 69 40 0
3.5 69 41 0
3.5 69 42 0
3.5 69 43 0
3.5 69 44 0
3.5 69 45 0
3.5 69 46 0
3.5 69 47 0
3.5 69 48 0
3.5 69 49 0
3.5 69 50 0
3.5 69 51 0
3.5 69 52 0
3.5 69 53 0
3.5 69 54 0
3.5 69 55 0
3.5 69 56 0
3.5 69 57 0
3.5 69 58 0
3.5 69 59 0
3.5500000000000003 90 40 1
3.5500000000000003 90 41 1
3.5500000000000003 90 42 1
3.5500000000000003 90 43 1
3.5500000000000003 90 44 1
3.5500000000000003 90 45 1
3.5500000000000003 90 46 1
3.5500000000000003 90 47 1
3.5500000000000003 90 48 1
3.5500000000000003 90 49 1
3.5500000000000003 90 50 1
3.5500000000000003 90 51 1
3.5500000000000003 90 52 1
3.5500000000000003 90 53 1
3.5500000000000003 90 54 1
3.5500000000000003 90 55 1
3.5500000000000003 90 56 1
3.5500000000000003 90 57 1
3.5500000000000003 90 58 1
3.5500000000000003 90 59 1
3.5500000000000003 70 40 0
3.5500000000000003 70 41 0
3.5500000000000003 70 42 0
3.5500000000000003 70 43 0
3.5500000000000003 70 44 0
3.5500000000000003 70 45 0
3.5500000000000003 70 46 0
3.5500000000000003 70 47 0
3.5500000000000003 70 48 0
3.5500000000000003 70 49 0
3.5500000000000003 70 50 0
3.5500000000000003 70 51 0
3.5500000000000003 70 52 0
3.5500000000000003 70 53 0
3.5500000000000003 70 54 0
3.5500000000000003 70 55 0
3.5500000000000003 70 56 0
3.5500000000000003 70 57 0
3.5500000000000003 70 58 0
3.5500000000000003 70 59 0
3.6 91 40 1
3.6 91 41 1
3.6 91 42 1
3.6 91 43 1
3.6 91 44 1
3.6 91 45 1
3.6 91 46 1
3.6 91 47 1
3.6 91 48 1
3.6 91 49 1
3.6 91 50 1
3.6 91 51 1
3.6 91 52 1
3.6 91 53 1
3.6 91 54 1
3.6 91 55 1
3.6 91 56 1
3.6 91 57 1
3.6 91 58 1
3.6 91 59 1
3.6 71 40 0
3.6 71 41 0
3.6 71 42 0
3.6 71 43 0
3.6 71 44 0
3.6 71 45 0
3.6 71 46 0
3.6 71 47 0
3.6 71 48 0
3.6 71 49 0
3.6 71 50 0
3.6 71 51 0
3.6 71 52 0
3.6 71 53 0
3.6 71 54 0
3.6 71 55 0
3.6 71 56 0
3.6 71 57 0
3.6 71 58 0
3.6 71 59 0
3.6500000000000004 92 40 1
3.6500000000000004 92 41 1
3.6500000000000004 92 42 1
3.6500000000000004 92 43 1
3.6500000000000004 92 44 1
3.6500000000000004 92 45 1
3.6500000000000004 92 46 1
3.6500000000000004 92 47 1
3.6500000000000004 92 48 1
3.6500000000000004 92 49 1
3.6500000000000004 92 50 1
3.6500000000000004 92 51 1
3.6500000000000004 92 52 1
3.6500000000000004 92 53 1
3.6500000000000004 92 54 1
3.6500000000000004 92 55 1
3.6500000000000004 92 56 1
3.6500000000000004 92 57 1
3.6500000000000004 92 58 1
3.6500000000000004 92 59 1
3.6500000000000004 72 40 0
3.6500000000000004 72 41 0
3.6500000000000004 72 42 0
3.6500000000000004 72 43 0
3.6500000000000004 72 44 0
3.6500000000000004 72 45 0
3.6500000000000004 72 46 0
3.6500000000000004 72 47 0
3.6500000000000004 72 48 0
3.6500000000000004 72 49 0
3.6500000000000004 72 50 0
3.6500000000000004 72 51 0
3.6500000000000004 72 52 0
3.6500000000000004 72 53 0
3.6500000000000004 72 54 0
3.6500000000000004 72 55 0
3.6500000000000004 72 56 0
3.6500000000000004 72 57 0
3.6500000000000004 72 58 0
3.6500000000000004 72 59 0
3.7 93 40 1
3.7 93 41 1
3.7 93 42 1
3.7 93 43 1
3.7 93 44 1
3.7 93 45 1
3.7 93 46 1
3.7 93 47 1
3.7 93 48 1
3.7 93 49 1
3.7 93 50 1
3.7 93 51 1
3.7 93 52 1
3.7 93 53 1
3.7 93 54 1
3.7 93 55 1
3.7 93 56 1
3.7 93 57 1
3.7 93 58 1
3.7 93 59 1
3.7 73 40 0
3.7 73 41 0
3.7 73 42 0
3.7 73 43 0
3.7 73 44 0
3.7 73 45 0
3.7 73 46 0
3.7 73 47 0
3.7 73 48 0
3.7 73 49 0
3.7 73 50 0
3.7 73 51 0
3.7 73 52 0
3.7 73 53 0
3.7 73 54 0
3.7 73 55 0
3.7 73 56 0
3.7 73 57 0
3.7 73 58 0
3.7 73 59 0
3.75 94 40 1
3.75 94 41 1
3.75 94 42 1
3.75 94 43 1
3.75 94 44 1
3.75 94 45 1
3.75 94 46 1
3.75 94 47 1
3.75 94 48 1
3.75 94 49 1
3.75 94 50 1
3.75 94 51 1
3.75 94 52 1
3.75 94 53 1
3.75 94 54 1
3.75 94 55 1
3.75 94 56 1
3.75 94 57 1
3.75 94 58 1
3.75 94 59 1
3.75 74 40 0
3.75 74 41 0
3.75 74 42 0
3.75 74 43 0
3.75 74 44 0
3.75 74 45 0
3.75 74 46 0
3.75 74 47 0
3.75 74 48 0
3.75 74 49 0
3.75 74 50 0
3.75 74 51 0
3.75 74 52 0
3.75 74 53 0
3.75 74 54 0
3.75 74 55 0
3.75 74 56 0
3.75 74 57 0
3.75 74 58 0
3.75 74 59 0
3.8000000000000003 95 40 1
3.8000000000000003 95 41 1
3.8000000000000003 95 42 1
3.8000000000000003 95 43 1
3.8000000000000003 95 44 1
3.8000000000000003 95 45 1
3.8000000000000003 95 46 1
3.8000000000000003 95 47 1
3.8000000000000003 95 48 1
3.8000000000000003 95 49 1
3.8000000000000003 95 50 1
3.8000000000000003 95 51 1
3.8000000000000003 95 52 1
3.8000000000000003 95 53 1
3.8000000000000003 95 54 1
3.8000000000000003 95 55 1
3.8000000000000003 95 56 1
3.8000000000000003 95 57 1
3.8000000000000003 95 58 1
3.8000000000000003 95 59 1
3.8000000000000003 75 40 0
3.8000000000000003 75 41 0
3.8000000000000003 75 42 0
3.8000000000000003 75 43 0
3.8000000000000003 75 44 0
3.8000000000000003 75 45 0
3.8000000000000003 75 46 0
3.8000000000000003 75 47 0
3.8000000000000003 75 48 0
3.8000000000000003 75 49 0
3.8000000000000003 75 50 0
3.8000000000000003 75 51 0
3.8000000000000003 75 52 0
3.8000000000000003 75 53 0
3.8000000000000003 75 54 0
3.8000000000000003 75 55 0
3.8000000000000003 75 56 0
3.8000000000000003 75 57 0
3.8000000000000003 75 58 0
3.8000000000000003 75 59 0
3.85 96 40 1
3.85 96 41 1
3.85 96 42 1
3.85 96 43 1
3.85 96 44 1
3.85 96 45 1
3.85 96 46 1
3.85 96 47 1
3.85 96 48 1
3.85 96 49 1
3.85 96 50 1
3.85 96 51 1
3.85 96 52 1
3.85 96 53 1
3.85 96 54 1
3.85 96 55 1
3.85 96 56 1
3.85 96 57 1
3.85 96 58 1
3.85 96 59 1
3.85 76 40 0
3.85 76 41 0
3.85 76 42 0
3.85 76 43 0
3.85 76 44 0
3.85 76 45 0
3.85 76 46 0
3.85 76 47 0
3.85 76 48 0
3.85 76 49 0
3.85 76 50 0
3.85 76 51 0
3.85 76 52 0
3.85 76 53 0
3.85 76 54 0
3.85 76 55 0
3.85 76 56 0
3.85 76 57 0
3.85 76 58 0
3.85 76 59 0
3.9000000000000004 97 40 1
3.9000000000000004 97 41 1
3.9000000000000004 97 42 1
3.9000000000000004 97 43 1
3.9000000000000004 97 44 1
3.9000000000000004 97 45 1
3.9000000000000004 97 46 1
3.9000000000000004 97 47 1
3.9000000000000004 97 48 1
3.9000000000000004 97 49 1
3.9000000000000004 97 50 1
3.9000000000000004 97 51 1
3.9000000000000004 97 52 1
3.9000000000000004 97 53 1
3.9000000000000004 97 54 1
3.9000000000000004 97 55 1
3.9000000000000004 97 56 1
3.9000000000000004 97 57 1
3.9000000000000004 97 58 1
3.9000000000000004 97 59 1
3.9000000000000004 77 40 0
3.9000000000000004 77 41 0
3.9000000000000004 77 42 0
3.9000000000000004 77 43 0
3.9000000000000004 77 44 0
3.9000000000000004 77 45 0
3.9000000000000004 77 46 0
3.9000000000000004 77 47 0
3.9000000000000004 77 48 0
3.9000000000000004 77 49 0
3.9000000000000004 77 50 0
3.9000000000000004 77 51 0
3.9000000000000004 77 52 0
3.9000000000000004 77 53 0
3.9000000000000004 77 54 0
3.9000000000000004 77 55 0
3.9000000000000004 77 56 0
3.9000000000000004 77 57 0
3.9000000000000004 77 58 0
3.9000000000000004 77 59 0
3.95 98 40 1
3.95 98 41 1
3.95 98 42 1
3.95 98 43 1
3.95 98 44 1
3.95 98 45 1
3.95 98 46 1
3.95 98 47 1
3.95 98 48 1
3.95 98 49 1
3.95 98 50 1
3.95 98 51 1
3.95 98 52 1
3.95 98 53 1
3.95 98 54 1
3.95 98 55 1
3.95 98 56 1
3.95 98 57 1
3.95 98 58 1
3.95 98 59 1
3.95 78 40 0
3.95 78 41 0
3.95 78 42 0
3.95 78 43 0
3.95 78 44 0
3.95 78 45 0
3.95 78 46 0
3.95 78 47 0
3.95 78 48 0
3.95 78 49 0
3.95 78 50 0
3.95 78 51 0
3.95 78 52 0
3.95 78 53 0
3.95 78 54 0
3.95 78 55 0
3.95 78 56 0
3.95 78 57 0
3.95 78 58 0
3.95 78 59 0
4.0 99 40 1
4.0 99 41 1
4.0 99 42 1
4.0 99 43 1
4.0 99 44 1
4.0 99 45 1
4.0 99 46 1
4.0 99 47 1
4.0 99 48 1
4.0 99 49 1
4.0 99 50 1
4.0 99 51 1
4.0 99 52 1
4.0 99 53 1
4.0 99 54 1
4.0 99 55 1
4.0 99 56 1
4.0 99 57 1
4.0 99 58 1
4.0 99 59 1
4.0 79 40 0
4.0 79 41 0
4.0 79 42 0
4.0 79 43 0
4.0 79 44 0
4.0 79 45 0
4.0 79 46 0
4.0 79 47 0
4.0 79 48 0
4.0 79 49 0
4.0 79 50 0
4.0 79 51 0
4.0 79 52 0
4.0 79 53 0
4.0 79 54 0
4.0 79 55 0
4.0 79 56 0
4.0 79 57 0
4.0 79 58 0
4.0 79 59 0
4.05 80 40 0
4.05 80 41 0
4.05 80 42 0
4.05 80 43 0
4.05 80 44 0
4.05 80 45 0
4.05 80 46 0
4.05 80 47 0
4.05 80 48 0
4.05 80 49 0
4.05 80 50 0
4.05 80 51 0
4.05 80 52 0
4.05 80 53 0
4.05 80 54 0
4.05 80 55 0
4.05 80 56 0
4.05 80 57 0
4.05 80 58 0
4.05 80 59 0
4.1000000000000005 81 40 0
4.1000000000000005 81 41 0
4.1000000000000005 81 42 0
4.1000000000000005 81 43 0
4.1000000000000005 81 44 0
4.1000000000000005 81 45 0
4.1000000000000005 81 46 0
4.1000000000000005 81 47 0
4.1000000000000005 81 48 0
4.1000000000000005 81 49 0
4.1000000000000005 81 50 0
4.1000000000000005 81 51 0
4.1000000000000005 81 52 0
4.1000000000000005 81 53 0
4.1000000000000005 81 54 0
4.1000000000000005 81 55 0
4.1000000000000005 81 56 0
4.1000000000000005 81 57 0
4.1000000000000005 81 58 0
4.1000000000000005 81 59 0
4.15 82 40 0
4.15 82 41 0
4.15 82 42 0
4.15 82 43 0
4.15 82 44 0
4.15 82 45 0
4.15 82 46 0
4.15 82 47 0
4.15 82 48 0
4.15 82 49 0
4.15 82 50 0
4.15 82 51 0
4.15 82 52 0
4.15 82 53 0
4.15 82 54 0
4.15 82 55 0
4.15 82 56 0
4.15 82 57 0
4.15 82 58 0
4.15 82 59 0
4.2 83 40 0
4.2 83 41 0
4.2 83 42 0
4.2 83 43 0
4.2 83 44 0
4.2 83 45 0
4.2 83 46 0
4.2 83 47 0
4.2 83 48 0
4.2 83 49 0
4.2 83 50 0
4.2 83 51 0
4.2 83 52 0
4.2 83 53 0
4.2 83 54 0
4.2 83 55 0
4.2 83 56 0
4.2 83 57 0
4.2 83 58 0
4.2 83 59 0
4.25 84 40 0
4.25 84 41 0
4.25 84 42 0
4.25 84 43 0
4.25 84 44 0
4.25 84 45 0
4.25 84 46 0
4.25 84 47 0
4.25 84 48 0
4.25 84 49 0
4.25 84 50 0
4.25 84 51 0
4.25 84 52 0
4.25 84 53 0
4.25 84 54 0
4.25 84 55 0
4.25 84 56 0
4.25 84 57 0
4.25 84 58 0
4.25 84 59 0
4.3 85 40 0
4.3 85 41 0
4.3 85 42 0
4.3 85 43 0
4.3 85 44 0
4.3 85 45 0
4.3 85 46 0
4.3 85 47 0
4.3 85 48 0
4.3 85 49 0
4.3 85 50 0
4.3 85 51 0
4.3 85 52 0
4.3 85 53 0
4.3 85 54 0
4.3 85 55 0
4.3 85 56 0
4.3 85 57 0
4.3 85 58 0
4.3 85 59 0
4.3500000000000005 86 40 0
4.3500000000000005 86 41 0
4.3500000000000005 86 42 0
4.3500000000000005 86 43 0
4.3500000000000005 86 44 0
4.3500000000000005 86 45 0
4.3500000000000005 86 46 0
4.3500000000000005 86 47 0
4.3500000000000005 86 48 0
4.3500000000000005 86 49 0
4.3500000000000005 86 50 0
4.3500000000000005 86 51 0
4.3500000000000005 86 52 0
4.3500000000000005 86 53 0
4.3500000000000005 86 54 0
4.3500000000000005 86 55 0
4.3500000000000005 86 56 0
4.3500000000000005 86 57 0
4.3500000000000005 86 58 0
4.3500000000000005 86 59 0
4.4 87 40 0
4.4 87 41 0
4.4 87 42 0
4.4 87 43 0
4.4 87 44 0
4.4 87 45 0
4.4 87 46 0
4.4 87 47 0
4.4 87 48 0
4.4 87 49 0
4.4 87 50 0
4.4 87 51 0
4.4 87 52 0
4.4 87 53 0
4.4 87 54 0
4.4 87 55 0
4.4 87 56 0
4.4 87 57 0
4.4 87 58 0
4.4 87 59 0
4.45 88 40 0
4.45 88 41 0
4.45 88 42 0
4.45 88 43 0
4.45 88 44 0
4.45 88 45 0
4.45 88 46 0
4.45 88 47 0
4.45 88 48 0
4.45 88 49 0
4.45 88 50 0
4.45 88 51 0
4.45 88 52 0
4.45 88 53 0
4.45 88 54 0
4.45 88 55 0
4.45 88 56 0
4.45 88 57 0
4.45 88 58 0
4.45 88 59 0
4.5 89 40 0
4.5 89 41 0
4.5 89 42 0
4.5 89 43 0
4.5 89 44 0
4.5 89 45 0
4.5 89 46 0
4.5 89 47 0
4.5 89 48 0
4.5 89 49 0
4.5 89 50 0
4.5 89 51 0
4.5 89 52 0
4.5 89 53 0
4.5 89 54 0
4.5 89 55 0
4.5 89 56 0
4.5 89 57 0
4.5 89 58 0
4.5 89 59 0
4.55 90 40 0
4.55 90 41 0
4.55 90 42 0
4.55 90 43 0
4.55 90 44 0
4.55 90 45 0
4.55 90 46 0
4.55 90 47 0
4.55 90 48 0
4.55 90 49 0
4.55 90 50 0
4.55 90 51 0
4.55 90 52 0
4.55 90 53 0
4.55 90 54 0
4.55 90 55 0
4.55 90 56 0
4.55 90 57 0
4.55 90 58 0
4.55 90 59 0
4.6000000000000005 91 40 0
4.6000000000000005 91 41 0
4.6000000000000005 91 42 0
4.6000000000000005 91 43 0
4.6000000000000005 91 44 0
4.6000000000000005 91 45 0
4.6000000000000005 91 46 0
4.6000000000000005 91 47 0
4.6000000000000005 91 48 0
4.6000000000000005 91 49 0
4.6000000000000005 91 50 0
4.6000000000000005 91 51 0
4.6000000000000005 91 52 0
4.6000000000000005 91 53 0
4.6000000000000005 91 54 0
4.6000000000000005 91 55 0
4.6000000000000005 91 56 0
4.6000000000000005 91 57 0
4.6000000000000005 91 58 0
4.6000000000000005 91 59 0
4.65 92 40 0
4.65 92 41 0
4.65 92 42 0
4.65 92 43 0
4.65 92 44 0
4.65 92 45 0
4.65 92 46 0
4.65 92 47 0
4.65 92 48 0
4.65 92 49 0
4.65 92 50 0
4.65 92 51 0
4.65 92 52 0
4.65 92 53 0
4.65 92 54 0
4.65 92 55 0
4.65 92 56 0
4.65 92 57 0
4.65 92 58 0
4.65 92 59 0
4.7 93 40 0
4.7 93 41 0
4.7 93 42 0
4.7 93 43 0
4.7 93 44 0
4.7 93 45 0
4.7 93 46 0
4.7 93 47 0
4.7 93 48 0
4.7 93 49 0
4.7 93 50 0
4.7 93 51 0
4.7 93 52 0
4.7 93 53 0
4.7 93 54 0
4.7 93 55 0
4.7 93 56 0
4.7 93 57 0
4.7 93 58 0
4.7 93 59 0
4.75 94 40 0
4.75 94 41 0
4.75 94 42 0
4.75 94 43 0
4.75 94 44 0
4.75 94 45 0
4.75 94 46 0
4.75 94 47 0
4.75 94 48 0
4.75 94 49 0
4.75 94 50 0
4.75 94 51 0
4.75 94 52 0
4.75 94 53 0
4.75 94 54 0
4.75 94 55 0
4.75 94 56 0
4.75 94 57 0
4.75 94 58 0
4.75 94 59 0
4.800000000000001 95 40 0
4.800000000000001 95 41 0
4.800000000000001 95 42 0
4.800000000000001 95 43 0
4.800000000000001 95 44 0
4.800000000000001 95 45 0
4.800000000000001 95 46 0
4.800000000000001 95 47 0
4.800000000000001 95 48 0
4.800000000000001 95 49 0
4.800000000000001 95 50 0
4.800000000000001 95 51 0
4.800000000000001 95 52 0
4.800000000000001 95 53 0
4.800000000000001 95 54 0
4.800000000000001 95 55 0
4.800000000000001 95 56 0
4.800000000000001 95 57 0
4.800000000000001 95 58 0
4.800000000000001 95 59 0
4.8500000000000005 96 40 0
4.8500000000000005 96 41 0
4.8500000000000005 96 42 0
4.8500000000000005 96 43 0
4.8500000000000005 96 44 0
4.8500000000000005 96 45 0
4.8500000000000005 96 46 0
4.8500000000000005 96 47 0
4.8500000000000005 96 48 0
4.8500000000000005 96 49 0
4.8500000000000005 96 50 0
4.8500000000000005 96 51 0
4.8500000000000005 96 52 0
4.8500000000000005 96 53 0
4.8500000000000005 96 54 0
4.8500000000000005 96 55 0
4.8500000000000005 96 56 0
4.8500000000000005 96 57 0
4.8500000000000005 96 58 0
4.8500000000000005 96 59 0
4.9 97 40 0
4.9 97 41 0
4.9 97 42 0
4.9 97 43 0
4.9 97 44 0
4.9 97 45 0
4.9 97 46 0
4.9 97 47 0
4.9 97 48 0
4.9 97 49 0
4.9 97 50 0
4.9 97 51 0
4.9 97 52 0
4.9 97 53 0
4.9 97 54 0
4.9 97 55 0
4.9 97 56 0
4.9 97 57 0
4.9 97 58 0
4.9 97 59 0
4.95 98 40 0
4.95 98 41 0
4.95 98 42 0
4.95 98 43 0
4.95 98 44 0
4.95 98 45 0
4.95 98 46 0
4.95 98 47 0
4.95 98 48 0
4.95 98 49 0
4.95 98 50 0
4.95 98 51 0
4.95 98 52 0
4.95 98 53 0
4.95 98 54 0
4.95 98 55 0
4.95 98 56 0
4.95 98 57 0
4.95 98 58 0
4.95 98 59 0
